-2,-2
2,2
-2.000000,-2.000000
-0.046595
-1.000000,-2.000000
0.007168
0.000000,-2.000000
0.025090
1.000000,-2.000000
0.007168
2.000000,-2.000000
-0.046595
-2.000000,-1.000000
0.007168
-1.000000,-1.000000
0.060932
0.000000,-1.000000
0.078853
1.000000,-1.000000
0.060932
2.000000,-1.000000
0.007168
-2.000000,0.000000
0.025090
-1.000000,0.000000
0.078853
0.000000,0.000000
0.096774
1.000000,0.000000
0.078853
2.000000,0.000000
0.025090
-2.000000,1.000000
0.007168
-1.000000,1.000000
0.060932
0.000000,1.000000
0.078853
1.000000,1.000000
0.060932
2.000000,1.000000
0.007168
-2.000000,2.000000
-0.046595
-1.000000,2.000000
0.007168
0.000000,2.000000
0.025090
1.000000,2.000000
0.007168
2.000000,2.000000
-0.046595
