-2,-2
2,2
-2.000000,-2.000000
0.111111
-1.000000,-2.000000
0.055556
0.000000,-2.000000
-0.000000
1.000000,-2.000000
-0.055556
2.000000,-2.000000
-0.111111
-2.000000,-1.000000
0.055556
-1.000000,-1.000000
0.027778
0.000000,-1.000000
-0.000000
1.000000,-1.000000
-0.027778
2.000000,-1.000000
-0.055556
-2.000000,0.000000
-0.000000
-1.000000,0.000000
-0.000000
0.000000,0.000000
0.000000
1.000000,0.000000
0.000000
2.000000,0.000000
0.000000
-2.000000,1.000000
-0.055556
-1.000000,1.000000
-0.027778
0.000000,1.000000
0.000000
1.000000,1.000000
0.027778
2.000000,1.000000
0.055556
-2.000000,2.000000
-0.111111
-1.000000,2.000000
-0.055556
0.000000,2.000000
0.000000
1.000000,2.000000
0.055556
2.000000,2.000000
0.111111
