-2,-2
2,2
-2.000000,-2.000000
-0.066667
-1.000000,-2.000000
-0.066667
0.000000,-2.000000
-0.066667
1.000000,-2.000000
-0.066667
2.000000,-2.000000
-0.066667
-2.000000,-1.000000
-0.033333
-1.000000,-1.000000
-0.033333
0.000000,-1.000000
-0.033333
1.000000,-1.000000
-0.033333
2.000000,-1.000000
-0.033333
-2.000000,0.000000
0.000000
-1.000000,0.000000
0.000000
0.000000,0.000000
0.000000
1.000000,0.000000
0.000000
2.000000,0.000000
0.000000
-2.000000,1.000000
0.033333
-1.000000,1.000000
0.033333
0.000000,1.000000
0.033333
1.000000,1.000000
0.033333
2.000000,1.000000
0.033333
-2.000000,2.000000
0.066667
-1.000000,2.000000
0.066667
0.000000,2.000000
0.066667
1.000000,2.000000
0.066667
2.000000,2.000000
0.066667
