164
565.772 290.632 -1 6.16667 3
0.583898 -0.811827
-0.984881 0.17323
0.87862 0.477522
593.337 237.194 -1 7.17235 3
0.950863 -0.309611
0.0178373 -0.999841
-0.371102 0.928592
288.472 130.657 -1 9.75419 3
-0.69214 -0.721763
-0.99934 -0.0363192
0.80825 0.58884
454.496 172.356 -1 4.90144 3
0.168055 -0.985778
-0.830515 0.556997
0.965603 -0.260019
686.642 190.601 -1 7.89549 3
-0.591926 -0.805992
-0.726157 0.687529
0.891821 -0.452388
662.087 145.818 -1 7.15385 3
0.615779 0.787919
0.219964 -0.975508
-0.268906 0.963166
344.278 193.115 -1 7.96366 3
-0.955207 0.295937
-0.553569 -0.832803
0.715232 0.698887
532.49 202.645 -1 4.8 3
0.976117 0.217245
-0.531 0.847372
-0.209858 -0.977732
587.06 464.461 -1 10.5333 3
0.698876 -0.715243
-0.32046 0.947262
-0.484684 -0.874689
499.491 322.016 -1 10.6022 3
-0.947968 -0.318365
0.522319 0.85275
-0.0659686 -0.997822
403.848 234.052 -1 7.94688 3
-0.183389 0.98304
-0.93117 -0.364586
0.907257 0.420577
506.91 269.875 -1 3.92726 3
0.873251 -0.487271
0.457242 0.889342
-0.635051 -0.772471
608.134 359.414 -1 7.97434 3
0.984292 -0.176549
-0.367721 0.929936
0.347936 -0.937518
599.158 292.869 -1 7.62046 3
-0.25952 -0.965738
0.239294 0.970947
-0.968725 0.248135
326.257 293.469 -1 6.30002 3
-0.980465 0.196693
0.970334 0.24177
-0.317191 -0.948362
694.764 307.991 -1 3.9598 3
0.697499 -0.716586
-0.496111 0.868259
-0.216692 -0.97624
723.223 292.482 -1 4.20717 4
-0.969832 -0.243776
0.489554 -0.871973
-0.634315 0.773075
0.796695 0.604381
821.176 298.504 -1 6.35416 3
-0.994437 0.105331
0.809793 -0.586716
-0.760707 0.649096
335.441 295.46 -1 6.445 3
-0.367419 0.930056
0.985664 0.16872
-0.992794 -0.119837
393.215 303.073 -1 6.50304 3
-0.0760513 0.997104
0.989778 -0.142616
-0.999821 -0.0188988
444.291 300.66 -1 6.57037 3
0.179238 0.983806
0.925549 0.378628
-0.989972 -0.141266
734.723 299.853 -1 4.83801 3
-0.184397 0.982852
-0.873534 -0.486764
0.97533 0.220751
80.7391 339.648 -1 8.33732 3
-0.488471 -0.87258
-0.999237 0.0390691
0.996484 -0.0837837
286.686 306.303 -1 5.61475 4
-0.472406 0.881381
-0.926429 0.376469
0.945046 -0.326939
-0.197413 -0.98032
540.704 373.063 -1 11.2484 3
0.107235 -0.994234
0.656386 0.754425
-0.798181 -0.602417
859.44 370.622 -1 5.87273 3
0.392008 -0.919962
0.988195 0.153199
-0.998555 -0.0537371
123.754 335.161 -1 6.875 3
-0.336821 0.941569
-0.992894 0.119
0.989692 -0.143213
383.662 335.933 -1 4.48571 4
0.992889 0.119043
0.541051 -0.84099
-0.140288 0.990111
-0.986077 -0.166291
186.608 356.529 -1 5.1724 3
0.148149 0.988965
-0.979586 0.201024
0.858602 -0.512643
418.683 376.937 -1 5.13684 3
0.983788 -0.179334
0.257188 0.966361
-0.156058 -0.987748
288.87 392.76 -1 4.82316 3
-0.9944 -0.105683
0.89902 0.437908
0.0426783 -0.999089
269.901 367.357 -1 4.54772 3
0.345002 0.938602
-0.903306 0.428997
0.354033 -0.935233
543.183 372.781 -1 11.8966 3
0.786171 0.61801
0.28638 0.958116
-0.862752 -0.505628
252.929 387.918 -1 4.27487 4
-0.999597 -0.0284023
0.019777 0.999804
0.342324 -0.939582
0.954867 0.297035
281.058 406.479 -1 4.22747 3
0.0870768 -0.996202
0.381337 0.924436
-0.427713 0.903915
272.831 391.015 -1 4.47214 4
0.552039 0.833818
0.994101 0.108461
-0.0205372 -0.999789
-0.997355 -0.072678
428.817 399.761 -1 8.55 3
-0.978111 0.208082
0.985571 -0.169265
-0.499358 -0.866396
436.483 396.893 -1 8.55 3
0.856926 0.515439
0.994658 -0.103229
-0.994869 0.101171
795.301 387.61 -1 6.07203 3
-0.28756 0.957763
0.993325 -0.11535
-0.950362 -0.311145
460.646 442.644 -1 7.32716 3
-0.498016 -0.867168
0.927926 0.372764
-0.997371 0.0724654
573.401 495.219 -1 10.5484 3
-0.689 0.724762
0.25125 0.967922
0.446877 -0.894595
801.715 424.206 -1 4.42289 4
-0.984594 -0.174858
-0.598081 -0.801435
0.879966 -0.475037
0.804892 0.593421
346.284 450.004 -1 5.43796 3
-0.785791 0.618491
0.999415 0.0341977
-0.665053 -0.746796
564.823 431.256 -1 12.1714 3
-0.912079 0.410014
0.631977 0.774987
-0.456195 -0.88988
112.292 445.555 -1 5.9397 3
0.223731 0.974651
-0.90238 0.430942
-0.0409485 -0.999161
484.72 457.201 -1 7.7431 3
-0.724725 0.689038
0.970423 0.24141
-0.832419 -0.554146
628.17 440.836 -1 6.798 3
-0.0267523 0.999642
0.98076 -0.195218
-0.985756 0.168182
855.69 456.624 -1 4.13333 3
-0.422243 0.906482
-0.781534 -0.623863
0.958422 0.285354
939.527 476.515 -1 6 4
-0.250744 -0.968053
-0.996332 -0.0855721
0.952264 0.305277
0.53354 0.845775
687.158 496.624 -1 4.12969 4
-0.265253 -0.964179
0.94853 0.316688
-0.957086 -0.289805
-0.316347 0.948643
665.98 472.03 -1 12.6356 3
0.786511 0.617576
-0.92292 -0.384993
0.961548 -0.274638
806.141 546.373 -1 4.27145 4
0.619946 -0.784644
0.921958 0.387291
-0.942938 -0.332969
-0.575981 0.817463
936.982 612.231 -1 5.82904 4
-0.0976834 -0.995218
0.44104 0.897487
-0.696369 -0.717684
0.948072 -0.318056
175.707 633.325 -1 8.2975 4
-0.940879 -0.338743
0.919072 0.394089
-0.239703 -0.970846
-0.600816 0.799387
441.662 506.41 -1 4.05556 3
-0.995519 0.0945613
0.937807 0.347158
-0.35137 -0.936237
756.464 521.215 -1 5.52381 3
0.0125755 -0.999921
0.919493 0.393106
-0.892302 -0.451439
514.689 583.601 -1 8.5467 3
-0.956436 0.291943
0.504283 -0.863538
-0.271299 0.962495
80.3327 598.954 -1 6.7082 3
0.198231 -0.980155
-0.963128 -0.269042
0.929567 0.368653
308.977 547.288 -1 4.85898 4
-0.980346 -0.197286
0.0754268 0.997151
-0.0459053 -0.998946
0.986222 0.165428
520.335 572.523 -1 13.6101 3
0.847047 -0.531518
0.278013 -0.960577
-0.425745 0.904843
576.521 508.25 -1 10.6331 3
-0.664359 0.747413
0.17824 0.983987
-0.241241 -0.970465
579.703 524.72 -1 8.11917 3
0.998341 -0.0575841
0.301492 0.953469
-0.152244 -0.988343
945.092 625.522 -1 8.11917 3
-0.897006 0.442019
0.997761 -0.0668795
-0.56022 -0.828344
956.683 546.354 -1 5 3
0.651665 -0.758507
-0.381738 -0.924271
-0.289505 0.957177
233.158 651.458 -1 8.40494 3
0.646987 -0.762501
0.762263 0.647268
-0.946303 -0.32328
342.244 606.231 -1 5.12407 3
-0.874684 0.484693
0.94018 0.340677
-0.807089 -0.59043
943.681 572.06 -1 4.58993 3
-0.598971 -0.800771
0.605319 -0.795983
-0.36345 0.931614
561.989 545.416 -1 10.6331 3
0.290882 0.956759
-0.958725 0.284337
0.15654 -0.987672
780.659 615.853 -1 8.13311 3
0.242195 -0.970228
-0.946475 -0.322776
0.873582 0.486676
212.06 643.827 -1 5.92 5
0.0774003 -0.997
0.934257 0.356602
-0.982184 -0.187924
-0.452078 0.891978
0.629737 0.776809
824.727 553.749 -1 4.07323 3
-0.0329635 0.999457
0.939764 0.341824
-0.93179 -0.362997
107.828 610.587 -1 7.4193 4
0.0246716 -0.999696
-0.9117 -0.410858
0.934648 0.355574
0.218001 0.975949
65.4574 595.057 -1 7.18941 3
-0.999999 -0.00146023
-0.370632 -0.92878
0.964973 0.262349
374.481 610.43 -1 5.22515 3
-0.495461 -0.86863
0.996034 0.0889751
-0.999434 0.0336397
456.61 609.94 -1 7.025 4
0.121214 -0.992626
0.886539 -0.462654
-0.998547 -0.053892
-0.345076 0.938575
888.663 578.191 -1 4.26304 3
-0.468508 0.883459
0.911229 0.411901
-0.924386 -0.381458
714.673 592.625 -1 8.22052 3
-0.383207 0.923662
-0.994152 -0.107987
0.976607 0.215031
320.166 722.118 -1 8.79625 3
-0.368224 0.929737
0.892317 -0.451409
-0.934838 -0.355076
319.829 614.392 -1 4.06159 3
-0.370108 0.928989
0.993838 -0.110843
-0.998928 -0.0463006
452.382 620.804 -1 3.4319 3
-0.898744 0.438473
0.495112 -0.868829
0.179196 0.983813
608.694 619.397 -1 7.09229 3
0.94497 0.327158
-0.266999 0.963697
0.054172 -0.998532
754.565 608.349 -1 8.0412 3
-0.674984 0.737832
-0.916459 -0.400129
0.9742 0.225685
840.825 641.143 -1 7.97289 3
0.41129 -0.911504
-0.958744 -0.284272
0.933328 0.359026
822.927 635.193 -1 8.35519 3
-0.257587 0.966255
-0.943701 -0.330799
0.928483 0.371376
369.338 681.568 -1 9.03328 3
-0.570169 -0.821527
0.81808 -0.575105
-0.729138 0.684367
809.901 672.532 -1 3.23548 4
-0.867662 -0.497155
-0.146602 0.989196
0.285069 -0.958507
0.998411 0.0563552
852.378 646.326 -1 10.6296 3
0.766703 0.642002
-0.927256 -0.374427
0.9226 -0.385759
775.16 666.048 -1 3.30714 3
-0.721513 0.692401
0.974097 -0.226129
-0.530994 -0.847376
720.624 703.879 -1 5.3755 3
0.931347 -0.364132
0.706105 0.708107
-0.527082 -0.849814
876.27 661.176 -1 6.42271 3
0.12145 0.992598
0.948594 0.316494
-0.942174 -0.335125
302.309 761.463 -1 7.67375 4
-0.464039 -0.885815
0.463786 -0.885947
-0.623324 0.781964
0.995608 0.0936154
619.794 725.478 -1 5.61811 4
-0.668601 -0.743622
-0.46349 0.886102
0.576417 -0.817156
0.838314 0.545188
549.799 668.739 -1 10.6372 3
0.832385 0.554198
-0.604532 0.796581
0.269957 -0.962872
632.906 685.507 -1 5.77602 3
0.898717 0.438529
0.0325457 0.99947
-0.524404 -0.85147
205.379 807.118 -1 7.37158 3
-0.204395 -0.978888
0.938737 0.344636
-0.975036 -0.222045
465.146 762.235 -1 10.2773 3
-0.536243 -0.844063
-0.590391 0.807117
0.573975 -0.818873
405.934 712.547 -1 3.7168 3
0.919107 0.394008
0.505614 -0.86276
-0.240161 0.970733
607.455 788.068 -1 5.67316 3
-0.92648 0.376345
0.165 0.986294
0.00743687 -0.999972
428.562 806.804 -1 10.216 3
-0.998197 -0.060023
-0.309561 0.95088
0.695519 -0.718508
542.641 787.8 -1 3.98977 3
-0.989787 0.142553
0.969518 0.245019
-0.56694 -0.823759
382.127 802.681 -1 7.86852 3
-0.880635 0.473795
0.995139 0.0984802
-0.741578 -0.670866
576.459 797.491 -1 4.17453 3
-0.51111 0.859515
0.990795 -0.135371
-0.989696 -0.143185
693.54 801.217 -1 3.22461 3
0.0311425 0.999515
0.93831 -0.345796
-0.902677 0.430318
223.646 813.122 -1 7.4193 3
-0.778465 0.627688
0.998347 0.0574669
-0.950789 -0.309838
652.836 802.447 -1 4.17632 3
-0.406537 0.913634
-0.424561 -0.905399
0.812037 0.583606
617.644 829.807 -1 5.22828 3
0.999983 -0.00585834
0.193427 0.981115
-0.252052 -0.967714
788.755 785.74 -1 5.41899 3
-0.780577 0.62506
0.551068 0.83446
-0.621532 -0.783389
424.197 820.49 -1 8.72539 3
-0.663375 0.748288
0.165326 0.986239
0.328973 -0.944339
489.48 869.839 -1 4.14545 5
0.973483 -0.228761
-0.590769 0.806841
0.297869 -0.954607
-0.999987 0.00512931
0.229985 0.973194
237.811 838.557 -1 8.25547 3
-0.0315473 0.999502
-0.996669 -0.0815556
0.768852 -0.639427
385.566 865.516 -1 5.85714 4
-0.871451 -0.490482
0.73691 -0.675991
-0.520177 0.854059
0.578765 0.815495
428.48 854.392 -1 7.6998 3
0.946369 0.323089
-0.0325126 0.999471
-0.0867645 -0.996229
711.104 890.463 -1 4.06087 4
-0.541619 0.840624
-0.372212 -0.928148
0.583006 0.812468
0.545229 -0.838287
113.195 433.506 -1 5.81809 3
-0.896369 0.443309
-0.231735 0.972779
0.292802 -0.956173
122.654 768.793 -1 7.66821 3
-0.977378 -0.2115
0.896639 0.442762
-0.380324 -0.924853
145.466 622.724 -1 6.17461 3
-0.499345 0.866403
-0.974087 -0.226173
0.93518 0.354172
110.637 646.627 -1 7.07107 3
0.917915 -0.396777
-0.0867838 0.996227
-0.0859009 -0.996304
186.565 745.169 -1 6.16849 3
0.808608 -0.588348
-0.327822 -0.94474
0.0938404 0.995587
192.964 383.76 -1 4.375 3
0.997995 -0.063296
-0.205879 -0.978578
-0.325859 0.945418
258.962 554.031 -1 3.39653 3
-0.945804 0.324739
0.554998 0.831851
-0.348652 -0.937252
277.48 525.14 -1 5.30786 3
-0.0963704 0.995346
0.688068 0.725646
-0.738385 -0.674379
300.794 827.039 -1 8.41477 3
-0.5227 0.852517
-0.998577 -0.0533334
0.983221 -0.182419
294.861 135.039 -1 12.2892 3
0.970438 0.241351
-0.933549 -0.358449
0.528607 0.848867
336.024 146.984 -1 10.8587 3
-0.970345 -0.241725
0.803427 0.595403
-0.24678 -0.969071
356.774 665.832 -1 4.06667 3
-0.954998 0.296612
0.130427 -0.991458
0.396603 0.91799
398.454 255.847 -1 4.70685 3
-0.85096 0.525231
0.260738 0.96541
0.347195 -0.937793
421.093 388.806 -1 4.73516 3
-0.99816 0.0606275
0.732737 0.680512
-0.140643 -0.99006
407.87 338.388 -1 4.56077 3
0.898462 -0.439051
0.571842 0.820363
-0.994992 -0.0999568
413.306 701.667 -1 4.52688 3
0.679543 -0.733636
-0.0862522 -0.996273
-0.604099 0.796909
445.738 658.332 -1 9.57762 3
-0.155305 0.987867
0.906765 -0.421637
-0.978279 0.207292
495.286 371.494 -1 5.08343 3
-0.869444 -0.494031
0.973636 -0.228106
-0.903113 0.429402
451.231 357.975 -1 3.86487 3
0.999994 0.00338924
-0.728334 0.685222
0.181474 -0.983396
505.029 715.126 -1 10.7836 3
-0.666784 -0.745251
-0.706291 0.707922
0.747162 -0.664642
495.088 851.229 -1 3.51476 3
-0.75661 -0.653866
-0.277615 0.960692
0.456382 -0.889784
522.331 360.468 -1 11.2484 3
-0.878294 0.478122
0.819445 0.573157
-0.506211 -0.86241
532.68 309.271 -1 7.87874 3
-0.903593 -0.428392
0.606279 -0.795252
0.00421846 0.999991
495.791 296.01 -1 10.8786 3
0.979516 0.201369
0.200359 0.979723
-0.48586 -0.874036
556.487 635.287 -1 10.64 3
-0.971759 0.235977
-0.133861 0.991
0.0860134 -0.996294
606.029 647.947 -1 5.53542 4
-0.814373 -0.580342
0.610984 0.791643
-0.0210877 -0.999778
-0.784315 0.620363
608.593 760.655 -1 5.74167 3
-0.992473 -0.122461
-0.0900005 0.995942
0.151829 -0.988407
580.64 752.37 -1 3.15103 3
0.887833 0.460165
-0.214192 -0.976792
-0.256697 0.966492
587.264 140.405 -1 6.40761 3
0.887999 0.459846
-0.100663 -0.994921
0.0399609 0.999201
627.124 873.053 -1 5.28479 3
-0.537126 0.843502
0.238015 0.971262
-0.230931 -0.97297
612.723 656.952 -1 5.61811 3
0.988644 -0.150274
0.617212 0.786797
-0.386627 -0.922236
624.05 861.017 -1 8.19066 3
0.841532 -0.540207
0.273338 0.961918
-0.217018 -0.976168
677.054 758.932 -1 3.27954 4
-0.781583 0.623801
-0.703797 -0.710401
0.59495 0.803763
0.449432 -0.893315
646.409 775.857 -1 4.31143 3
0.972089 -0.234613
-0.287225 -0.957863
0.0885713 0.99607
684.287 539.088 -1 4.90476 3
-0.893805 0.448456
-0.441303 -0.897358
0.434981 0.90044
654.126 559.036 -1 8.22644 3
0.685739 -0.727848
-0.737138 -0.675742
0.654639 0.755942
701.639 798.43 -1 3.32095 4
-0.963242 0.268634
-0.369378 -0.929279
0.320622 0.947207
0.954513 -0.298168
747.376 517.056 -1 4.03269 3
0.0680674 -0.997681
0.92369 0.38314
-0.865016 -0.501745
803.617 453.675 -1 5.43956 3
-0.858464 -0.512874
0.8055 -0.592596
-0.817272 0.576252
771.366 767.142 -1 5.36488 3
0.14189 -0.989882
0.740384 0.672184
-0.725068 -0.688677
824.535 436.382 -1 4.02509 3
-0.795595 0.605828
-0.970911 -0.239442
0.942947 0.332944
832.249 638.898 -1 8.57619 3
-0.312943 0.949772
-0.93647 -0.350748
0.95113 0.308791
821.616 673.137 -1 4.53836 3
0.27776 -0.960651
0.998251 -0.0591223
-0.999795 0.0202458
848.841 623.872 -1 3.60256 3
-0.98466 -0.174485
-0.449871 0.893093
0.183218 -0.983072
837.548 286.554 -1 5.87221 3
0.763387 0.645941
0.811516 -0.584331
-0.675444 0.737411
846.806 867.408 -1 5.62675 3
0.988519 -0.151095
0.510487 0.859885
-0.361605 -0.932331
865.73 612.862 -1 4.13134 3
0.981107 0.193466
0.762093 -0.647468
-0.429343 0.903142
974.012 494.274 -1 6.78571 3
0.27669 -0.960959
-0.842811 -0.53821
0.543393 0.839479
495.169 292.441 -1 13.9129 3
-0.931582 -0.36353
0.393502 0.919324
-0.514044 -0.857764
777.148 381.7 -1 6.44506 3
0.958612 0.284714
0.38703 -0.922067
-0.895172 0.445721
663.719 810.42 -1 4.17707 3
0.94974 -0.313041
-0.797692 -0.603065
0.36596 0.930631
