181
797.228 613.674 -1 10.8939 3
0.881539 -0.47211
-0.562227 0.826983
0.211845 -0.977303
442.444 163.849 -1 7.83333 3
-0.0960891 -0.995373
0.990995 -0.133898
-0.98677 0.162128
514.329 124.747 -1 8.24111 3
0.294329 -0.955704
-0.973064 -0.230536
0.661485 0.749959
644.834 120.518 -1 7.11111 4
0.997651 0.0684973
-0.298981 0.954259
0.223776 -0.974641
-0.909304 -0.416132
771.327 333.096 -1 10.4803 3
-0.974437 -0.224661
-0.524967 -0.851122
0.604096 0.796912
598.85 132.413 -1 10.8939 3
0.825811 -0.563948
-0.305697 -0.952129
0.104201 0.994556
816.325 414.661 -1 11.0714 3
0.113175 -0.993575
-0.818108 -0.575065
0.587104 0.809512
266.266 149.829 -1 8.48528 3
-0.378436 0.925627
-0.784691 -0.619887
0.898108 0.439774
480.024 159.364 -1 8.66667 3
0.134933 0.990855
0.999507 -0.0314094
-0.999727 0.0233769
403.327 173.318 -1 8.29222 3
-0.944382 0.328851
0.971662 -0.236373
-0.596426 -0.802668
424.001 167.92 -1 8.67923 3
0.141566 0.989929
0.970128 -0.242592
-0.957379 0.288835
728.057 209.928 -1 6.25714 3
0.0225593 -0.999746
-0.811355 0.584554
0.985784 -0.168017
223.921 237.728 -1 7.97654 3
-0.778901 -0.627147
0.939432 -0.342734
-0.947484 0.319805
325.555 202.199 -1 7.11721 4
-0.977565 0.210633
-0.783516 -0.621372
0.951184 -0.308626
0.638204 0.769867
347.597 195.249 -1 8.33732 3
0.359713 0.933063
-0.953444 0.301569
0.891201 -0.453608
417.044 261.549 -1 4.40659 3
0.997881 0.0650655
0.34435 0.938841
0.148927 -0.988848
865.023 282.496 -1 8.544 3
0.91574 -0.401771
-0.344981 0.93861
0.0096371 -0.999954
618.092 230.619 -1 8.48163 3
-0.986823 0.161806
0.751089 0.660201
-0.562955 -0.826487
517.113 257.86 -1 6.43056 4
0.698382 -0.715725
-0.599954 -0.800034
-0.480087 0.877221
0.75659 0.653889
173.756 252.58 -1 8.31111 3
0.104478 0.994527
0.976348 -0.216203
-0.995142 0.0984464
167.967 363.084 -1 5.875 3
-0.0405984 -0.999176
0.991675 -0.128764
-0.997413 -0.0718802
274.988 371.171 -1 5.31975 4
0.389809 -0.920896
0.992629 0.121196
-0.951319 -0.308208
0.247573 0.968869
240.089 232.865 -1 9.0248 3
0.61742 0.786634
0.9474 -0.320051
-0.976058 0.217508
472.278 254.181 -1 4.9165 5
-0.20211 0.979363
-0.949747 0.31302
-0.0953978 -0.995439
0.977388 -0.211453
0.55511 0.831777
448.492 265.169 -1 4.57143 3
0.574029 0.818835
-0.989988 -0.141151
0.869411 -0.494089
383.862 303.323 -1 4.91917 3
0.686301 -0.727318
0.862308 0.506384
-0.801427 -0.598092
776.696 363.197 -1 11.3137 3
-0.967714 -0.252052
-0.097344 -0.995251
0.446552 0.894758
679.378 272.969 -1 8.01775 3
-0.188251 0.982121
0.911296 0.411751
-0.92306 -0.384656
173.721 279.23 -1 6.08333 3
0.507429 0.861693
0.126079 -0.99202
-0.46177 0.887
375.216 299.887 -1 4.42063 3
-0.656002 0.754759
0.932502 0.361164
-0.146686 -0.989183
493.751 295.238 -1 5.73707 3
0.890684 0.454622
0.594893 -0.803805
-0.705581 0.708629
602.243 330.918 -1 6.6125 3
-0.979679 0.200573
-0.357184 -0.934034
0.965706 0.259638
237.517 364.1 -1 5.03968 4
-0.25258 -0.967576
0.990171 0.139865
-0.995613 -0.0935644
-0.564936 0.825135
341.562 369.343 -1 5.35914 3
0.0124625 -0.999922
0.999243 -0.0388985
-0.994213 0.107427
473.297 321.105 -1 5.75057 3
0.957316 0.289043
0.559439 -0.828871
-0.646991 0.762498
620.132 335.134 -1 6.64234 3
0.20999 -0.977704
-0.983079 -0.183181
0.984926 0.172976
161.273 363.017 -1 9.84886 4
-0.439027 -0.898474
0.997112 -0.0759467
-0.998527 -0.0542501
-0.221604 0.975137
882.796 401.649 -1 8.04545 3
0.994493 0.104802
0.296289 -0.955098
-0.364542 0.931187
404.608 365.795 -1 5.4161 3
-0.117052 -0.993126
0.98652 -0.163641
-0.986445 0.164094
566.681 342.328 -1 5.57689 3
-0.923128 0.384493
-0.628606 -0.777724
0.906407 -0.422404
669.875 342.683 -1 7.10564 3
0.0478427 0.998855
-0.999347 -0.0361311
0.996462 -0.0840448
309.957 374.302 -1 5.21538 5
-0.723869 -0.689938
0.967018 -0.254706
-0.997288 -0.0735963
0.144866 0.989451
0.899341 0.437249
284.64 343.391 -1 4.33925 4
0.728151 0.685417
-0.32919 0.944264
-0.308481 -0.95123
0.99739 -0.0721957
393.544 367.486 -1 5.39837 3
-0.371229 0.928541
0.981618 -0.190857
-0.99985 0.0173005
376.379 427.122 -1 3.87578 3
0.28439 -0.958709
0.060482 -0.998169
-0.068349 0.997661
486.374 365.001 -1 4.75604 3
-0.61921 0.785226
-0.701839 -0.712335
0.956865 -0.290533
663.482 376.242 -1 4.1497 3
0.992901 0.118947
0.306161 -0.95198
-0.380875 0.924627
736.972 486.034 -1 4.78289 4
-0.3155 -0.948925
0.985077 0.172113
-0.999468 -0.0326189
-0.987841 0.155468
459.099 390.881 -1 4.8342 3
0.180716 0.983535
-0.979185 0.202968
0.888891 -0.458119
157.019 398.971 -1 5.37879 3
-0.344699 0.938713
0.0320318 -0.999487
0.50625 0.862387
383.254 463.731 -1 3.83773 4
-0.717846 -0.696202
-0.289101 0.957299
0.44671 -0.894679
-0.716491 0.697596
566.425 431.897 -1 4.99596 3
-0.981993 -0.188919
0.904629 0.4262
-0.0840108 -0.996465
546.96 400.92 -1 4.33037 3
0.0625167 0.998044
0.432654 -0.90156
-0.80759 0.589744
277.382 401.931 -1 4.94048 3
-0.755007 0.655717
-0.322683 0.946507
0.307024 -0.951702
699.615 429.565 -1 4.44746 3
-0.999444 0.0333444
-0.161307 -0.986904
0.681745 0.73159
374.662 443.313 -1 3.84978 3
-0.984073 -0.177766
0.395411 -0.918504
-0.285949 0.958245
529.088 425.963 -1 3.76066 4
-0.988772 -0.149432
0.294686 -0.955594
-0.0210832 0.999778
0.961391 0.275185
707.385 437.564 -1 4.72638 3
-0.85649 0.516164
-0.74847 -0.663168
0.96468 0.263426
550.629 429.134 -1 4.08667 4
0.469359 0.883007
0.987459 0.157878
-0.220633 -0.975357
-0.994112 -0.108362
861.798 509.762 -1 9.99685 3
0.679352 -0.733813
-0.46678 -0.884374
-0.277119 0.960836
431.262 474.391 -1 3.58867 3
0.913144 0.407637
0.486373 -0.873751
-0.385387 0.922755
836.712 470.548 -1 9.89949 3
-0.412863 0.910793
-0.403299 -0.915068
0.608413 0.793621
191.61 476.028 -1 4.06667 3
0.650223 0.759743
-0.190081 -0.981768
-0.23437 0.972148
260.69 484.944 -1 5.85417 5
0.712937 0.701228
-0.0503924 0.998729
0.118683 -0.992932
-0.745864 0.666099
0.946096 -0.323886
380.472 474.844 -1 4.16184 3
0.231935 0.972731
-0.705353 0.708856
0.161888 -0.986809
558.13 499.106 -1 3.64093 3
0.99627 0.0862886
0.639078 -0.769142
-0.873041 0.487647
624.495 490.467 -1 5.34141 3
-0.823839 0.566824
0.999932 0.0116529
-0.70543 -0.708779
442.433 668.147 -1 7.87553 4
-0.929145 -0.369714
-0.115222 -0.99334
0.931513 0.363708
-0.567002 0.823716
293.43 627.22 -1 5.54227 4
-0.480063 -0.877234
-0.99698 0.0776631
0.999998 0.00195677
0.393159 0.919471
302.906 543.1 -1 3.89744 3
-0.915553 -0.402197
0.207271 0.978284
0.460256 -0.887786
129.246 564.289 -1 5.06304 3
-0.942807 -0.333338
0.331463 -0.943468
0.796618 0.604483
186.333 514.101 -1 4.13779 3
-0.65871 0.752397
0.046292 -0.998928
0.688209 0.725513
245.532 535.489 -1 3.39625 3
-0.985711 -0.168443
0.518695 0.85496
-0.075776 -0.997125
347.77 632.441 -1 5.56496 3
-0.115073 -0.993357
-0.960847 -0.277079
0.915499 0.402319
719.846 549.209 -1 3.64981 3
-0.496656 -0.867948
-0.996326 0.0856429
0.879791 0.475361
232.225 532.629 -1 3.33754 3
-0.0585375 0.998285
-0.854774 -0.519001
0.973101 0.230379
896.684 487.595 -1 7.12455 3
0.00348359 0.999994
-0.9837 0.179818
0.990866 -0.134854
246.667 538.847 -1 8.34722 3
-0.120869 0.992669
0.552149 0.833745
-0.172564 -0.984998
328.574 626.822 -1 5.54227 3
-0.389286 -0.921117
-0.999403 -0.0345548
0.959559 0.281506
850.879 539.149 -1 10.1153 3
-0.695065 0.718947
0.349572 -0.93691
-0.10334 0.994646
83.1424 551.565 -1 6.81049 3
-0.789591 0.613633
0.976579 0.215159
-0.925907 -0.377751
481.319 678.901 -1 7.90719 5
-0.107924 -0.994159
-0.994764 -0.102198
0.907283 0.420522
-0.384437 0.923151
0.523788 0.851849
771.825 585.877 -1 8.02662 3
-0.960309 0.278938
-0.971349 -0.237656
0.948162 -0.317787
97.0321 612.078 -1 9.31673 3
-0.14162 -0.989921
0.925435 -0.378906
-0.359621 0.933099
206.889 608.96 -1 5.10482 5
0.822287 -0.569073
-0.90644 -0.422335
0.925373 0.379059
-0.586441 0.809992
0.373013 0.927826
373.475 643.286 -1 5.56496 4
0.0258276 -0.999666
-0.93195 -0.362587
0.926007 0.377506
0.0856357 0.996327
708.663 585.088 -1 3.41818 3
0.389061 0.921212
0.993669 0.112348
-0.99976 0.0218981
614.134 647.139 -1 4.93617 3
-0.713808 -0.700342
0.967912 0.251289
-0.912799 0.408408
583.776 586.579 -1 3.67209 4
-0.0370072 0.999315
-0.977625 -0.210355
0.971861 0.235553
0.0248224 -0.999692
835.144 589.798 -1 9.99685 3
0.267565 0.96354
0.278241 -0.960511
-0.936069 0.351818
116.651 706.388 -1 7.82407 4
0.650089 0.759858
-0.757643 -0.652669
0.674332 -0.738429
-0.662248 0.749285
503.011 689.165 -1 7.95882 3
0.636305 -0.771437
-0.909099 -0.41658
0.770702 0.637196
756.554 612.065 -1 6.55789 3
-0.725607 0.688109
-0.987334 0.158653
0.979309 0.20237
242.634 783.377 -1 7.60832 3
-0.135129 -0.990828
0.978835 0.204649
-0.895775 -0.444507
259.965 627.86 -1 5.28842 3
0.325824 0.945431
-0.973241 -0.229788
0.999609 -0.0279754
338.363 791.507 -1 8.44538 3
-0.184306 -0.982869
0.940813 0.338927
-0.998597 -0.0529495
307.867 627.07 -1 5.46621 3
0.137237 0.990538
-0.999934 0.0114497
0.998575 -0.0533607
360.755 731.519 -1 4.11806 3
-0.910863 -0.412709
0.174827 0.984599
0.136168 -0.990686
379.171 802.067 -1 9.13815 3
-0.276607 -0.960983
0.904151 0.427213
-0.970445 -0.241324
106.101 698.889 -1 7.6369 4
0.374984 -0.927031
-0.704831 -0.709375
0.992788 0.119885
-0.999 0.0447016
362.799 720.241 -1 4.32051 3
0.309687 -0.950839
-0.17129 0.985221
-0.81926 -0.573422
88.8486 675.828 -1 6.07394 3
-0.99887 -0.0475263
0.165969 -0.986131
0.384983 0.922924
674.137 707.005 -1 8.52063 3
0.691825 -0.722065
-0.961382 0.275217
0.997751 -0.067024
877.248 665.856 -1 6.86607 3
0.937502 0.347979
-0.318601 0.947889
0.0851232 -0.99637
655.33 676.455 -1 8.72321 3
0.414842 0.909893
0.992993 -0.11817
-0.990406 -0.138187
413.768 688.226 -1 3.91667 3
0.150179 0.988659
0.893168 -0.449724
-0.994645 0.103349
517.147 859.056 -1 9.6183 3
0.546892 -0.837203
0.987943 0.15482
-0.995998 -0.0893712
463.205 843.725 -1 7.12768 3
-0.167554 -0.985863
0.9374 0.348254
-0.959248 -0.282567
716.372 701.569 -1 9.24565 3
-0.182814 0.983148
-0.97781 0.209495
0.928409 -0.371559
881.846 771.53 -1 5.575 4
-0.678749 -0.73437
-0.536575 0.843853
0.570593 -0.821233
0.792652 0.609675
819.593 712.679 -1 10.2532 3
0.700622 0.713533
0.263934 -0.964541
-0.630203 0.776431
771.632 759.18 -1 10.1262 3
-0.762688 -0.646766
0.788075 -0.61558
-0.703826 0.710373
160.202 756.483 -1 6.28361 3
-0.973171 0.230084
0.978088 0.208194
-0.613257 -0.789884
276.663 791.58 -1 5.69231 3
0.17772 -0.984081
0.987928 0.154912
-0.955939 -0.293565
896.93 733.37 -1 5.68581 3
0.803255 0.595636
-0.117775 0.99304
-0.402957 -0.915219
587.892 762.594 -1 8.10517 3
-0.497268 0.867597
-0.898082 -0.439829
0.874063 -0.485813
567.251 798.373 -1 7.59584 4
0.568087 -0.822968
-0.517811 -0.855495
-0.569209 0.822193
0.961254 0.275664
673.694 754.96 -1 4.00694 4
-0.234727 0.972061
-0.894378 -0.447311
0.625171 -0.780488
0.933172 0.35943
216.145 769.471 -1 7.45052 3
-0.71861 0.695414
0.862903 0.50537
-0.99992 0.012649
730.427 803.812 -1 9.56441 3
-0.624841 -0.780752
0.63851 -0.769614
-0.619376 0.785095
180.422 803.692 -1 4.54689 3
0.995189 0.0979705
-0.973611 0.228212
0.772046 -0.635567
513.951 858.783 -1 8.69891 3
-0.718812 0.695204
0.990925 0.134414
-0.900764 -0.43431
559.817 807.636 -1 7.68478 3
-0.98746 -0.157872
0.549987 -0.835173
-0.685595 0.727983
506.648 798.657 -1 3.67776 3
0.996283 -0.0861398
-0.365358 -0.930867
0.140105 0.990137
642.837 845.33 -1 9.48638 3
-0.598015 -0.801485
0.9982 -0.0599801
-0.948387 0.317115
865.015 833.974 -1 5.66667 3
-0.957853 0.28726
0.0808874 0.996723
0.0731995 -0.997317
301.591 814.436 -1 4.96438 3
-0.652571 0.757727
-0.917772 -0.397108
0.92388 0.382681
389.117 805.98 -1 5.95818 4
0.0161592 0.999869
0.821888 0.569649
-0.941569 -0.33682
0.578387 -0.815762
381.823 852.168 -1 6.63534 3
0.225062 -0.974344
-0.822859 -0.568246
0.792578 0.609771
801.998 831.738 -1 4.65119 3
-0.988355 0.152169
0.972055 0.234752
-0.434605 -0.900621
744.805 911.03 -1 4.24264 3
0.246367 -0.969177
-0.99984 0.0178684
0.997828 -0.0658754
834.932 842.283 -1 5.29365 3
-0.555727 0.831365
0.978456 -0.206457
-0.983852 -0.178986
460.717 868.518 -1 6.82796 3
-0.803088 -0.595861
-0.988468 0.15143
0.886883 0.461994
302.167 897.608 -1 6.90927 3
0.768626 -0.639698
-0.999929 -0.0119296
0.999546 0.0301185
557.683 865.554 -1 7.24286 3
0.218535 0.975829
0.994157 -0.107941
-0.994554 -0.104225
686.473 852.289 -1 9.95561 4
-0.404836 0.914389
0.709246 -0.704961
-0.912463 -0.409158
-0.0938735 0.995584
424.035 869.437 -1 13.2022 3
0.0226728 0.999743
-0.997742 -0.0671644
0.999597 0.0283733
492.464 875.104 -1 7.70998 3
0.0220562 0.999757
-0.998383 -0.0568385
0.874022 -0.485886
643.607 904.523 -1 5.78874 4
-0.924464 -0.38127
-0.645468 0.763787
0.751022 -0.660277
0.421174 0.90698
320.929 898.456 -1 6.55581 3
0.459537 0.888159
-0.998542 -0.0539726
0.985878 -0.167466
146.365 737.81 -1 4.4056 4
-0.94009 0.340926
0.548731 0.835999
-0.650452 -0.759548
0.959195 -0.282747
172.076 806.765 -1 4.54689 3
-0.966385 -0.257099
-0.834449 0.551085
0.942866 -0.333173
170.229 731.742 -1 4.06251 3
-0.968528 0.248905
-0.514587 -0.857438
0.84106 0.540941
224.559 321.78 -1 6.41667 3
0.756952 -0.65347
0.276585 0.960989
0.0769721 -0.997033
260.288 560.625 -1 6.00832 3
-0.83295 0.553348
0.453408 0.891303
-0.485586 -0.874189
268.739 439.138 -1 3.39326 3
0.645272 0.763953
-0.414656 0.909978
0.341783 -0.939779
280.848 393.454 -1 5.25225 3
0.930817 0.365486
-0.455094 0.890444
-0.132878 -0.991132
280.758 597.38 -1 4.09211 3
0.483195 -0.875513
0.155404 0.987851
-0.417322 -0.908759
283.422 528.942 -1 8.51219 3
0.99577 -0.0918846
-0.18418 -0.982893
0.728189 0.685376
308.613 530.388 -1 6.46059 3
-0.964387 -0.264494
-0.424772 0.9053
0.907129 -0.420853
310.136 581.889 -1 10.1 3
-0.860793 -0.508955
-0.1386 -0.990348
0.247798 0.968812
334.24 269.796 -1 3.48625 3
-0.738788 -0.673938
0.192326 -0.981331
-0.123529 0.992341
368.036 262.118 -1 5.67378 3
0.987652 0.156663
0.361002 0.932565
-0.572626 -0.819817
386.375 396.059 -1 9.38601 4
-0.999659 0.0261157
0.0762276 -0.99709
-0.27423 0.961664
0.973782 -0.227482
374.291 680.002 -1 3.90095 3
0.907784 -0.419438
-0.0924156 -0.995721
-0.114777 0.993391
425.219 399.124 -1 3.96859 3
-0.936338 -0.351101
-0.793821 0.608151
0.900779 -0.434277
424.797 554.696 -1 3.95739 3
-0.946906 -0.32151
0.062375 -0.998053
0.121566 0.992583
408.068 785.267 -1 3.77209 3
0.741007 0.671497
-0.762554 0.646925
-0.0334569 -0.99944
466.255 418.677 -1 4.3209 3
-0.983518 0.180812
-0.253755 -0.967268
-0.312482 0.949924
509.494 244.183 -1 5.61709 3
-0.966801 0.255529
-0.00206705 -0.999998
0.365166 0.930943
475.385 661.007 -1 4.13779 3
0.980904 -0.194494
0.526458 0.850201
-0.306914 -0.951737
498.026 913.941 -1 6.13 3
0.604518 0.796591
-0.259071 -0.965858
-0.0455728 0.998961
531.198 590.296 -1 7.90078 3
-0.973459 0.228861
0.574655 0.818396
-0.29398 -0.955812
528.124 797.913 -1 3.39286 3
-0.57226 0.820072
0.999966 -0.00819303
-0.999258 -0.0385209
509.202 810.824 -1 3.67762 3
0.998101 0.0615938
-0.264395 -0.964414
-0.716582 0.697503
547.783 819.831 -1 7.96855 3
-0.993787 -0.111302
0.726714 -0.68694
-0.639323 0.768939
564.647 642.909 -1 3.86506 3
-0.994399 0.105687
0.628417 0.777876
-0.153639 -0.988127
536.394 833.322 -1 8.01534 3
0.983344 0.181753
0.651172 -0.758931
-0.639381 0.76889
605.498 180.672 -1 11.0914 3
-0.979639 -0.200765
-0.20277 -0.979226
0.776292 0.630373
628.363 771.847 -1 6.17279 3
-0.999159 -0.0409995
-0.58729 0.809376
0.773212 -0.634148
571.572 793.519 -1 7.73332 3
0.940643 -0.339399
0.443303 -0.896372
-0.451327 0.892359
642.243 721.203 -1 8.15184 3
-0.725328 -0.688404
-0.802217 0.597032
0.849422 -0.527714
686.633 199.122 -1 6.4945 3
0.678685 0.734429
0.463655 -0.886016
-0.868711 -0.495319
686.321 894.034 -1 7.76266 3
0.874348 0.4853
0.00870072 -0.999962
-0.103112 0.99467
711.189 437.114 -1 9.31029 3
0.987409 -0.158189
-0.98394 0.1785
0.857158 0.515053
737.801 622.977 -1 6.55789 3
0.677827 -0.735221
-0.999962 -0.00874802
0.854454 -0.519527
802.636 347.963 -1 8.76948 3
-0.94692 -0.321469
0.311157 0.950358
0.88395 -0.467581
771.148 337.722 -1 14.1989 3
0.955238 0.29584
-0.425453 -0.904981
0.263536 0.96465
807.699 584.585 -1 8.13037 3
-0.45823 0.888834
-0.974019 -0.226465
0.578982 -0.81534
823.922 419.124 -1 12.7279 3
0.618144 0.786065
-0.891207 -0.453597
0.0736119 0.997287
964.384 352.279 -1 6.09322 3
0.693932 -0.72004
-0.314119 -0.949383
-0.519914 0.854219
