34.0653	 365.32	 -0.382683	 0.92388
37.1268	 357.929	 -0.382683	 0.92388
40.1882	 350.538	 -0.382683	 0.92388
43.2497	 343.147	 -0.382683	 0.92388
46.9157	 335.465	 -0.382683	 0.92388
50.8954	 327.457	 -0.382683	 0.92388
434	 84.9797	 -1	 1.22461e-016
442	 84.985	 -1	 1.22461e-016
451	 84.0699	 -1	 1.22461e-016
459	 83.9964	 -1	 1.22461e-016
467	 84.0037	 -1	 1.22461e-016
475	 83.9924	 -1	 1.22461e-016
483	 84	 -1	 1.22461e-016
492	 83.063	 -1	 1.22461e-016
500	 83.0042	 -1	 1.22461e-016
506.535	 87.6423	 -0.707107	 -0.707107
511.5	 94	 -0.382683	 -0.92388
516.056	 101.977	 0.382683	 0.92388
518.032	 110.487	 6.12303e-017	 1
517	 118	 -0.382683	 0.92388
561.349	 107.848	 0.382683	 0.92388
562.524	 100.264	 -0.707107	 0.707107
567.85	 93.85	 0.382683	 -0.92388
571.542	 87.0173	 -1.83691e-016	 -1
582.488	 77.8204	 -1	 1.22461e-016
590.225	 82	 -1.83691e-016	 -1
590.1	 90	 -0.382683	 -0.92388
590.511	 98	 6.12303e-017	 1
591.31	 106	 0.382683	 0.92388
593.163	 114.64	 0.382683	 0.92388
595.661	 122.433	 0.382683	 0.92388
598.077	 130.468	 6.12303e-017	 1
440.833	 161	 6.12303e-017	 1
441.6	 153.459	 6.12303e-017	 1
438.611	 146.389	 0.382683	 0.92388
433.95	 139.521	 0.382683	 0.92388
430.482	 132	 0.382683	 0.92388
428.119	 123.451	 0.382683	 0.92388
425.75	 115.396	 0.382683	 0.92388
422.813	 108	 -1.83691e-016	 -1
420.19	 99.9211	 -0.382683	 -0.92388
416.172	 93.1716	 -0.707107	 -0.707107
702.667	 156	 -0.382683	 -0.92388
702.563	 165	 -0.382683	 -0.92388
699.067	 172.528	 0.382683	 -0.92388
696.063	 180.026	 0.382683	 -0.92388
692.858	 186.941	 0.382683	 -0.92388
689.573	 194.573	 0.382683	 -0.92388
648	 121.875	 -0.92388	 -0.382683
655.972	 120.933	 -0.92388	 0.382683
663.833	 116.833	 -0.707107	 0.707107
669.876	 111.2	 -0.92388	 0.382683
677	 108.042	 -0.92388	 0.382683
685.026	 107.063	 0.92388	 -0.382683
694.035	 105.917	 1	 0
702	 105.25	 0.92388	 -0.382683
709.083	 101.2	 0.92388	 -0.382683
715.517	 95.5417	 0.92388	 -0.382683
722.601	 90.6012	 0.707107	 -0.707107
730.106	 87.2664	 0.92388	 -0.382683
737.396	 83.75	 1	 0
745	 83.9939	 1	 0
753	 83.997	 1	 0
761	 84.9971	 1	 0
769	 84.9915	 1	 0
777	 84.9945	 1	 0
784.696	 86.6022	 0.92388	 0.382683
792.233	 89.3384	 0.92388	 0.382683
799.19	 93.0487	 0.707107	 0.707107
806.581	 96.1102	 0.92388	 0.382683
813.105	 100.469	 0.707107	 0.707107
820.063	 104.18	 0.92388	 0.382683
761.519	 332.955	 0.92388	 0.382683
754.783	 329.045	 0.707107	 0.707107
749.085	 323.915	 0.707107	 0.707107
743.024	 318.976	 0.707107	 0.707107
737.077	 313.923	 0.707107	 0.707107
732.059	 309.858	 0.707107	 0.707107
724.724	 305.276	 0.707107	 0.707107
718.292	 299.708	 0.707107	 0.707107
711.912	 294.088	 0.707107	 0.707107
705.531	 288.425	 0.92388	 0.382683
698.642	 283.358	 0.707107	 0.707107
691.47	 278.571	 0.92388	 0.382683
683.47	 275.071	 0.92388	 0.382683
676	 272	 0.92388	 0.382683
668.663	 268.107	 0.92388	 0.382683
661.377	 264.798	 0.92388	 0.382683
654.042	 260.958	 0.92388	 0.382683
646.531	 256.425	 0.92388	 0.382683
640.073	 251.927	 0.707107	 0.707107
635.928	 248.072	 0.707107	 0.707107
630.96	 243.04	 0.707107	 0.707107
625.817	 237.369	 0.707107	 0.707107
620	 231.625	 0.92388	 0.382683
602.586	 130.114	 -0.707107	 0.707107
610.031	 124.575	 -1	 1.22461e-016
617.514	 120.033	 0.92388	 -0.382683
625.583	 116.7	 0.92388	 -0.382683
634	 116.083	 1	 0
641.589	 118.411	 0.707107	 0.707107
824.061	 426.391	 0.382683	 0.92388
821	 419	 0.382683	 0.92388
484.063	 229.026	 -0.382683	 0.92388
485.65	 221	 6.12303e-017	 1
485.582	 213	 0.382683	 0.92388
485.964	 205	 6.12303e-017	 1
484.788	 197	 6.12303e-017	 1
484.042	 189.483	 0.382683	 0.92388
482.456	 182	 6.12303e-017	 1
481.45	 174	 0.382683	 0.92388
480.558	 166.586	 -0.707107	 -0.707107
289.107	 162.456	 -1.83691e-016	 -1
293.625	 169.375	 -0.382683	 -0.92388
297.514	 175.494	 -0.382683	 -0.92388
302.705	 181.295	 -0.92388	 -0.382683
308.377	 186.623	 0.707107	 0.707107
314.574	 192.321	 0.92388	 0.382683
319.012	 197.988	 0.92388	 0.382683
419.982	 281	 0.382683	 0.92388
420.368	 272.555	 6.12303e-017	 1
418.493	 265.003	 0.382683	 0.92388
615.838	 188.162	 -0.92388	 -0.382683
621.551	 193.877	 -0.92388	 -0.382683
627.985	 197.536	 0.92388	 0.382683
634.053	 201.871	 0.707107	 0.707107
640.25	 205.75	 0.92388	 0.382683
647.318	 210.682	 0.92388	 0.382683
653.538	 215.408	 0.707107	 0.707107
660.563	 220.348	 0.92388	 0.382683
667.125	 224.875	 0.707107	 0.707107
673.944	 230.056	 0.707107	 0.707107
678.944	 234.135	 0.92388	 0.382683
685.958	 239.042	 0.92388	 0.382683
692.093	 243.907	 0.707107	 0.707107
698.922	 249.078	 0.707107	 0.707107
704.844	 253.156	 0.707107	 0.707107
710.776	 259.224	 0.92388	 0.382683
717.088	 264.912	 0.707107	 0.707107
722.274	 271.093	 0.382683	 0.92388
728.7	 277.3	 0.382683	 0.92388
734.846	 283.357	 0.382683	 0.92388
740.163	 290.64	 0.382683	 0.92388
744.906	 297.039	 0.382683	 0.92388
749.924	 304.031	 0.382683	 0.92388
755.283	 310.883	 0.382683	 0.92388
761.174	 317.428	 0.382683	 0.92388
765.757	 323.393	 0.382683	 0.92388
727.283	 209.91	 6.12303e-017	 1
728.425	 202	 0.382683	 0.92388
728.5	 194	 -1.83691e-016	 -1
752.804	 204.378	 -0.382683	 0.92388
755.944	 196.977	 0.382683	 -0.92388
759.606	 189.544	 0.382683	 -0.92388
761.643	 182	 -1.83691e-016	 -1
762.688	 174	 -1.83691e-016	 -1
322	 203.422	 1	 0
314.547	 204.613	 0.92388	 -0.382683
307.407	 208.776	 0.92388	 -0.382683
300	 212.833	 -0.92388	 0.382683
290.983	 214.958	 -0.92388	 0.382683
282.945	 219.867	 -0.92388	 0.382683
274.965	 221.417	 -1	 1.22461e-016
267	 223.438	 -1	 1.22461e-016
258	 225.563	 -0.92388	 0.382683
251.015	 229.035	 -0.92388	 0.382683
242.535	 230.417	 -1	 1.22461e-016
349.336	 242.414	 -0.707107	 0.707107
350.546	 235	 6.12303e-017	 1
352.149	 227	 6.12303e-017	 1
352.838	 219	 6.12303e-017	 1
353.109	 211	 -1.83691e-016	 -1
350.818	 203.075	 -0.382683	 -0.92388
507.286	 197.144	 0.382683	 -0.92388
508.52	 205	 -1.83691e-016	 -1
508.917	 213	 6.12303e-017	 1
510.569	 221	 6.12303e-017	 1
510.292	 229	 6.12303e-017	 1
509.321	 237	 6.12303e-017	 1
508.858	 244.848	 0.382683	 0.92388
725.517	 211.542	 0.92388	 -0.382683
720	 216.5	 0.707107	 -0.707107
391.583	 239	 0.382683	 0.92388
389.708	 231	 6.12303e-017	 1
388.333	 223	 -1.83691e-016	 -1
463.125	 211.875	 -0.382683	 -0.92388
467.604	 217.957	 -0.707107	 -0.707107
471.283	 226	 -1.83691e-016	 -1
470.361	 234	 -1.83691e-016	 -1
471.114	 242	 6.12303e-017	 1
470.972	 250	 6.12303e-017	 1
611.848	 230.922	 0.92388	 -0.382683
604	 232.792	 0.92388	 -0.382683
595	 234.014	 1	 0
587.122	 234.294	 1	 0
579	 234.25	 1	 0
571	 233.402	 1	 0
563	 233.605	 1	 0
555	 234.212	 0.92388	 -0.382683
547	 236.639	 -0.92388	 0.382683
538.988	 239.97	 -0.92388	 0.382683
531.882	 244.714	 -0.92388	 0.382683
525.371	 249.688	 -0.707107	 0.707107
519.444	 255.444	 -0.707107	 0.707107
718.333	 224.069	 -1.83691e-016	 -1
721.539	 231.984	 -0.382683	 -0.92388
725.331	 239.07	 0.382683	 0.92388
731.08	 244.92	 0.707107	 0.707107
735.556	 250.977	 0.382683	 0.92388
740.875	 257.052	 0.382683	 0.92388
745.917	 263.083	 0.707107	 0.707107
750.373	 269.053	 0.382683	 0.92388
755.625	 275.948	 0.382683	 0.92388
760.545	 282.688	 0.382683	 0.92388
765.346	 290.064	 0.382683	 0.92388
770.008	 297	 0.382683	 0.92388
775.594	 303.461	 0.382683	 0.92388
780.207	 310.414	 0.382683	 0.92388
784.934	 317.027	 0.382683	 0.92388
788.408	 325	 0.382683	 0.92388
792.964	 331.515	 0.707107	 0.707107
798.963	 336.478	 0.92388	 0.382683
919.392	 200.066	 -0.382683	 -0.92388
922.454	 207.457	 -0.382683	 -0.92388
923.854	 214.854	 -1.83691e-016	 -1
920.01	 221.01	 0.92388	 -0.382683
915.833	 227.931	 0.382683	 -0.92388
912.944	 235.977	 -0.382683	 0.92388
909.75	 244.104	 -0.707107	 0.707107
905.375	 252	 -0.382683	 0.92388
901.291	 259.913	 -0.382683	 0.92388
895.854	 267.647	 6.12303e-017	 1
355.224	 244.771	 -0.707107	 -0.707107
361.171	 250.928	 -0.382683	 -0.92388
364.469	 258.013	 -0.382683	 -0.92388
807	 244.813	 -1	 1.22461e-016
814.569	 246.936	 -0.92388	 -0.382683
822	 247.778	 -1	 1.22461e-016
830.448	 247.775	 1	 0
276.548	 368.02	 6.12303e-017	 1
279.31	 360.421	 -0.382683	 0.92388
281.666	 353	 -0.382683	 0.92388
283.074	 345	 -0.382683	 0.92388
282.494	 337.002	 0.382683	 0.92388
279.849	 329.563	 0.382683	 0.92388
276.852	 322.061	 0.382683	 0.92388
274.354	 314.06	 0.382683	 0.92388
272.667	 305.931	 0.382683	 0.92388
270.847	 298	 6.12303e-017	 1
269.364	 289.556	 0.382683	 0.92388
266.5	 282	 0.382683	 0.92388
264.208	 273.914	 0.382683	 0.92388
261.286	 266.382	 0.382683	 0.92388
257.756	 259	 -0.382683	 -0.92388
253.639	 251.65	 -0.382683	 -0.92388
248.925	 244.531	 -0.382683	 -0.92388
243.667	 237.931	 -0.707107	 -0.707107
340	 251	 -1.83691e-016	 -1
337.083	 258.535	 0.382683	 -0.92388
335.244	 266	 6.12303e-017	 1
333.938	 273.681	 -0.382683	 0.92388
332.368	 281	 -0.382683	 0.92388
331.106	 288.282	 0.382683	 0.92388
940.281	 249.281	 0.382683	 -0.92388
936	 255.5	 0.382683	 -0.92388
931.75	 262.896	 -0.382683	 0.92388
928.3	 270.417	 -0.382683	 0.92388
925.01	 277.504	 -0.382683	 0.92388
921.791	 285.62	 -0.382683	 0.92388
918.966	 293.486	 -0.382683	 0.92388
916.067	 301.528	 -0.382683	 0.92388
913.024	 309.51	 -0.382683	 0.92388
909.791	 317.621	 -0.382683	 0.92388
906.892	 325.662	 -0.382683	 0.92388
903.939	 332.682	 -0.382683	 0.92388
901.81	 340.128	 -0.382683	 0.92388
899.058	 348.524	 -0.382683	 0.92388
896.843	 356.642	 -0.382683	 0.92388
894.199	 364.582	 -0.382683	 0.92388
891.891	 372.662	 -0.382683	 0.92388
889.565	 380.527	 -0.382683	 0.92388
886.991	 388.496	 -0.382683	 0.92388
884.583	 396.327	 -0.382683	 0.92388
167.5	 358	 0.382683	 0.92388
167.513	 350	 6.12303e-017	 1
165.912	 342.037	 0.382683	 0.92388
164.313	 333.871	 0.382683	 0.92388
162.917	 326	 6.12303e-017	 1
161.778	 318	 6.12303e-017	 1
161.438	 310	 6.12303e-017	 1
163.25	 301.604	 -0.382683	 0.92388
166.739	 293.599	 -0.382683	 0.92388
170.472	 285.488	 -0.382683	 0.92388
397.122	 312.205	 0.92388	 0.382683
391.129	 307.871	 0.707107	 0.707107
385.411	 302.589	 1	 0
377.719	 299.909	 0.382683	 0.92388
374.35	 292.562	 6.12303e-017	 1
372.536	 285	 6.12303e-017	 1
372.357	 277	 6.12303e-017	 1
370.953	 269.019	 -0.382683	 -0.92388
550	 300	 0.707107	 0.707107
545.537	 294	 0.382683	 0.92388
543.57	 286	 -0.382683	 -0.92388
541.149	 278.645	 -0.382683	 -0.92388
536.694	 272.306	 -0.707107	 -0.707107
530.089	 267.786	 -0.92388	 -0.382683
523.303	 262.697	 -0.707107	 -0.707107
514.608	 260.76	 -0.707107	 0.707107
605.035	 274.085	 1	 0
598.985	 278.985	 0.707107	 -0.707107
596	 288	 -0.382683	 0.92388
593.587	 295.536	 -0.382683	 0.92388
419.623	 305.152	 0.382683	 -0.92388
418.671	 313	 6.12303e-017	 1
496.59	 297.885	 -1	 1.22461e-016
504.017	 300.958	 -0.92388	 -0.382683
511.383	 305.783	 -0.92388	 -0.382683
518.589	 309.411	 -0.92388	 -0.382683
525.5	 313.667	 0.92388	 0.382683
533.003	 316.493	 0.92388	 0.382683
540	 318.406	 1	 0
547.973	 321.064	 0.92388	 0.382683
553.027	 325.973	 0.707107	 0.707107
558.476	 331.51	 0.382683	 0.92388
563.353	 338.647	 0.92388	 0.382683
958.606	 300.738	 -0.707107	 -0.707107
960.708	 308.086	 -1.83691e-016	 -1
959.979	 316	 0.382683	 0.92388
961.122	 324.449	 6.12303e-017	 1
960.714	 332	 6.12303e-017	 1
960.65	 340	 0.382683	 0.92388
961.625	 348.155	 0.382683	 0.92388
962.619	 356.049	 -0.382683	 0.92388
958.016	 363.007	 -0.382683	 0.92388
953.432	 370.472	 -0.382683	 0.92388
949.615	 376.615	 -0.707107	 0.707107
943.742	 382.742	 -0.707107	 0.707107
937.684	 387.684	 -0.92388	 0.382683
930.424	 391.316	 -0.92388	 0.382683
923.005	 395.012	 -0.92388	 0.382683
914.892	 397.739	 -0.92388	 0.382683
907.057	 401.137	 -0.92388	 0.382683
898.967	 402.419	 -1	 1.22461e-016
890.604	 402.75	 -1	 1.22461e-016
238.314	 360.749	 0.707107	 0.707107
234.216	 353.618	 0.382683	 0.92388
231.369	 345.554	 0.382683	 0.92388
228.949	 338.021	 0.382683	 0.92388
227.042	 330	 0.382683	 0.92388
225.896	 322	 -1.83691e-016	 -1
224.165	 314.304	 -0.382683	 -0.92388
225.774	 305.887	 -1.83691e-016	 -1
227.542	 298	 0.382683	 -0.92388
228.507	 290.558	 -0.382683	 -0.92388
341.056	 364.848	 -0.382683	 0.92388
341.351	 357	 0.382683	 0.92388
339.32	 349.575	 0.382683	 0.92388
335.456	 341.518	 0.382683	 0.92388
332.411	 334.037	 0.382683	 0.92388
328.273	 327.594	 0.707107	 0.707107
323.846	 321.064	 -0.382683	 -0.92388
319.503	 313.499	 -0.382683	 -0.92388
314.131	 308.869	 -0.92388	 -0.382683
187	 336	 -0.382683	 -0.92388
192.965	 342.035	 0.707107	 0.707107
198.9	 347.541	 0.382683	 0.92388
201.96	 354.895	 0.707107	 0.707107
470.001	 344.542	 -1.83691e-016	 -1
472.438	 351.526	 0.382683	 0.92388
478.029	 356.799	 0.707107	 0.707107
483.975	 362.025	 0.707107	 0.707107
609.63	 338.054	 -1.83691e-016	 -1
607.68	 346.075	 0.382683	 -0.92388
605.12	 354	 -0.382683	 0.92388
604.173	 362	 6.12303e-017	 1
603.298	 369.916	 -0.382683	 0.92388
601.279	 378	 6.12303e-017	 1
602.653	 386	 6.12303e-017	 1
602.967	 393.986	 -0.382683	 0.92388
604.719	 402	 6.12303e-017	 1
604.858	 410	 6.12303e-017	 1
604.458	 418	 0.382683	 0.92388
606.705	 425.415	 0.382683	 0.92388
609.35	 432.062	 6.12303e-017	 1
558.36	 350	 0.382683	 -0.92388
556.542	 357.81	 0.382683	 -0.92388
553.217	 366.09	 -0.382683	 0.92388
551.036	 374.015	 6.12303e-017	 1
550.9	 382	 6.12303e-017	 1
551.246	 390	 -0.382683	 0.92388
548.486	 397.494	 -0.382683	 0.92388
543.009	 403.009	 -0.707107	 0.707107
538.085	 408.085	 -0.707107	 0.707107
533.955	 413.955	 -0.382683	 0.92388
530.33	 421.429	 -0.382683	 0.92388
670.108	 346	 -1.83691e-016	 -1
670.49	 354	 -0.382683	 -0.92388
668.967	 362	 0.382683	 -0.92388
665.874	 369.448	 -0.382683	 0.92388
161.392	 369.955	 -1.83691e-016	 -1
157.777	 377.586	 -0.382683	 0.92388
157.292	 386	 6.12303e-017	 1
157.261	 394	 6.12303e-017	 1
260	 544	 6.12303e-017	 1
261.026	 536	 6.12303e-017	 1
265.028	 529	 6.12303e-017	 1
264.364	 520.556	 6.12303e-017	 1
262.564	 513	 0.382683	 0.92388
260.79	 505	 6.12303e-017	 1
260.225	 497	 6.12303e-017	 1
260.952	 489	 6.12303e-017	 1
340.375	 569.345	 0.382683	 0.92388
337	 562.5	 0.382683	 0.92388
336.895	 555.456	 6.12303e-017	 1
340.719	 547.719	 -0.382683	 0.92388
346	 541.5	 -0.707107	 0.707107
350.06	 534	 6.12303e-017	 1
350.411	 526	 6.12303e-017	 1
350.589	 518	 6.12303e-017	 1
351.198	 510	 6.12303e-017	 1
353.447	 503.447	 -0.382683	 0.92388
358.203	 497.203	 -0.707107	 0.707107
364.167	 491.167	 -0.707107	 0.707107
370.472	 485.432	 -0.92388	 0.382683
376.216	 479.216	 -0.707107	 0.707107
802.92	 490.307	 0.92388	 -0.382683
797.784	 496	 -1.83691e-016	 -1
797.124	 503.3	 0.92388	 -0.382683
789	 504.238	 1	 0
781	 504.023	 -1	 1.22461e-016
773	 503.517	 -1	 1.22461e-016
765.095	 500.271	 -0.92388	 -0.382683
758	 496.617	 -1	 1.22461e-016
750	 490.083	 0.92388	 -0.382683
742.111	 486.232	 0.92388	 0.382683
108.939	 362.93	 0.382683	 -0.92388
105.229	 369.888	 0.382683	 -0.92388
102.965	 378.152	 -1.83691e-016	 -1
101.4	 386	 -1.83691e-016	 -1
102.333	 393.862	 0.382683	 0.92388
191.085	 403.698	 -0.382683	 0.92388
198.239	 399.239	 -0.382683	 0.92388
203.948	 393.875	 -0.92388	 0.382683
211.535	 390.733	 0.92388	 -0.382683
218.065	 385.065	 0.92388	 -0.382683
223.861	 379.861	 0.707107	 -0.707107
230.512	 375.03	 0.92388	 -0.382683
235.286	 368.411	 0.382683	 -0.92388
284.152	 484.078	 -0.92388	 0.382683
292	 482.367	 -1	 1.22461e-016
300.997	 480.992	 -0.92388	 0.382683
307.988	 476.988	 -0.92388	 0.382683
312.717	 472.717	 -0.707107	 0.707107
318.032	 465.513	 -0.382683	 0.92388
321.001	 458.5	 -0.382683	 0.92388
324.191	 451.579	 -0.382683	 0.92388
325.679	 444	 6.12303e-017	 1
326.32	 436.075	 6.12303e-017	 1
324.935	 428	 6.12303e-017	 1
322.993	 420.503	 0.382683	 0.92388
320.217	 412.617	 0.382683	 0.92388
317.735	 405.403	 0.382683	 0.92388
314.886	 397.547	 0.382683	 0.92388
313.138	 390	 -1.83691e-016	 -1
311.57	 382	 -1.83691e-016	 -1
381.189	 459.811	 1	 0
373.849	 455.62	 0.382683	 0.92388
373.322	 448.426	 -0.382683	 0.92388
376.106	 440.544	 -0.382683	 0.92388
379.191	 432.872	 -0.382683	 0.92388
381.858	 425.441	 -0.382683	 0.92388
383.536	 418	 6.12303e-017	 1
384.986	 410	 6.12303e-017	 1
385.576	 402	 -0.382683	 0.92388
666	 376.706	 -1	 1.22461e-016
674	 377.402	 -1	 1.22461e-016
681.509	 378.977	 -1	 1.22461e-016
687.99	 382.01	 -0.707107	 -0.707107
692.341	 388	 -0.382683	 -0.92388
694.166	 396.431	 6.12303e-017	 1
694.597	 404	 6.12303e-017	 1
727.472	 382	 -0.382683	 -0.92388
729.869	 390.438	 6.12303e-017	 1
727.762	 397.608	 -0.382683	 0.92388
722.667	 404.569	 -0.707107	 0.707107
716	 404.488	 -0.92388	 -0.382683
708	 404.518	 -1	 1.22461e-016
917.413	 448.79	 -0.92388	 0.382683
924.564	 445.564	 -0.707107	 0.707107
929.021	 439.021	 -0.382683	 0.92388
933.875	 431.875	 -0.707107	 0.707107
938.401	 425.459	 -0.382683	 0.92388
941.815	 418.423	 -0.382683	 0.92388
944.951	 410.98	 -0.382683	 0.92388
948.914	 402.964	 -0.382683	 0.92388
953.03	 395.013	 -0.382683	 0.92388
957.125	 388.052	 0.382683	 -0.92388
961.167	 379.431	 -1.83691e-016	 -1
964.479	 371.491	 -1.83691e-016	 -1
968.146	 363.56	 0.382683	 -0.92388
973.248	 358.248	 0.707107	 -0.707107
978.315	 353.315	 0.707107	 -0.707107
984.893	 348.893	 0.707107	 -0.707107
460.333	 392	 0.382683	 -0.92388
461.008	 400	 -0.382683	 -0.92388
463.184	 408.076	 6.12303e-017	 1
465.304	 415.874	 6.12303e-017	 1
238.247	 449.836	 -0.382683	 0.92388
236.376	 442.509	 0.382683	 0.92388
235.787	 434	 0.382683	 0.92388
232.543	 426	 0.382683	 0.92388
232.517	 418	 6.12303e-017	 1
230.911	 410.037	 -1.83691e-016	 -1
225.417	 403.327	 -0.707107	 -0.707107
418.604	 436	 6.12303e-017	 1
419.003	 428.508	 -0.707107	 0.707107
426.999	 424.496	 -1	 1.22461e-016
434.012	 420.028	 -1	 1.22461e-016
440.71	 416.401	 0.92388	 -0.382683
448	 414.188	 1	 0
157.25	 402.396	 0.382683	 -0.92388
152.752	 410.104	 0.382683	 -0.92388
150.033	 418	 0.382683	 -0.92388
147.778	 426.115	 0.382683	 -0.92388
144.661	 434.067	 -0.707107	 0.707107
140.131	 439.131	 -0.382683	 0.92388
134.292	 446.292	 -0.707107	 0.707107
129.884	 453.11	 -0.382683	 0.92388
124.857	 460	 -0.382683	 0.92388
118.622	 465.235	 -0.92388	 0.382683
532	 427.473	 -1	 1.22461e-016
540	 428.305	 -1	 1.22461e-016
548	 428.718	 -1	 1.22461e-016
695	 429.624	 1	 0
687	 430.492	 1	 0
678.981	 429.546	 1	 0
671	 428.442	 1	 0
663	 428	 1	 0
655	 428.122	 1	 0
647	 428.236	 -1	 1.22461e-016
639	 427.527	 -1	 1.22461e-016
631.396	 425.25	 -0.707107	 -0.707107
626.468	 420.577	 -0.707107	 -0.707107
620.452	 415.548	 -0.707107	 -0.707107
465.56	 488.782	 -0.707107	 0.707107
469.803	 481.876	 -0.382683	 0.92388
471.519	 474.008	 -0.382683	 0.92388
473.27	 466.405	 -0.382683	 0.92388
476.964	 459.964	 -0.707107	 0.707107
481.012	 456.012	 -0.707107	 0.707107
485.029	 452.029	 -0.707107	 0.707107
488.925	 447.925	 -0.707107	 0.707107
493.262	 442.262	 -0.707107	 0.707107
499.258	 436.258	 0.92388	 -0.382683
505.952	 431.385	 0.707107	 -0.707107
849.324	 463.676	 0.707107	 0.707107
845.052	 458.478	 0.382683	 0.92388
842.049	 450.48	 0.382683	 0.92388
839.861	 442.848	 0.382683	 0.92388
836.602	 434.958	 -0.382683	 -0.92388
833.847	 427.563	 -0.382683	 -0.92388
829.106	 421.32	 -0.707107	 -0.707107
704.155	 439.875	 0.92388	 -0.382683
697	 443.425	 0.92388	 -0.382683
689	 442.781	 1	 0
681.585	 443.704	 0.92388	 -0.382683
674	 447.458	 0.92388	 -0.382683
666	 450.874	 1	 0
658	 451.416	 1	 0
649.613	 451.772	 1	 0
642	 452.824	 -1	 1.22461e-016
634	 453.874	 -1	 1.22461e-016
626	 453.238	 -0.92388	 -0.382683
412.25	 448.75	 -0.92388	 -0.382683
416.15	 455	 -0.382683	 -0.92388
416.381	 463.451	 0.382683	 -0.92388
415.57	 472	 6.12303e-017	 1
414.012	 479.505	 -0.382683	 0.92388
413.156	 487	 6.12303e-017	 1
413.541	 495	 6.12303e-017	 1
414.438	 502.819	 6.12303e-017	 1
417.359	 510.059	 0.382683	 0.92388
419.875	 517.345	 0.382683	 0.92388
421.814	 524.87	 0.382683	 0.92388
423.856	 533.06	 0.382683	 0.92388
425.469	 541	 6.12303e-017	 1
425.118	 549	 6.12303e-017	 1
424.969	 557	 0.382683	 0.92388
426.031	 565	 6.12303e-017	 1
427.28	 573	 6.12303e-017	 1
428.532	 580.987	 6.12303e-017	 1
429.704	 589	 6.12303e-017	 1
429.986	 597	 6.12303e-017	 1
430.064	 605	 6.12303e-017	 1
431.566	 612.973	 0.382683	 0.92388
433.727	 620.906	 0.382683	 0.92388
435.912	 628.536	 0.382683	 0.92388
438.033	 636.486	 0.382683	 0.92388
439.906	 644.039	 6.12303e-017	 1
440.589	 652	 6.12303e-017	 1
441.453	 660	 6.12303e-017	 1
843.757	 573.316	 -0.382683	 0.92388
846.054	 565.773	 -0.382683	 0.92388
849.047	 558.019	 6.12303e-017	 1
849.047	 550.019	 6.12303e-017	 1
326	 484.394	 -1	 1.22461e-016
333.501	 483.003	 -1	 1.22461e-016
340.152	 479.515	 -0.92388	 0.382683
347.941	 478.143	 -1	 1.22461e-016
356	 477.896	 1	 0
363.547	 476.113	 0.92388	 -0.382683
370.5	 471.5	 0.92388	 -0.382683
378.695	 467.971	 0.92388	 -0.382683
551.629	 432.275	 -0.707107	 -0.707107
555.952	 439.52	 -0.382683	 -0.92388
559.961	 447.516	 -0.382683	 -0.92388
562.204	 455.123	 -0.382683	 -0.92388
566.692	 462.42	 -0.707107	 -0.707107
570.875	 470.552	 -0.382683	 -0.92388
576.373	 476.806	 -0.707107	 -0.707107
584	 479.233	 1	 0
592.006	 481.986	 1	 0
819.013	 504.468	 -0.92388	 -0.382683
825.682	 506.306	 -0.92388	 -0.382683
832.879	 505.45	 -0.382683	 0.92388
834.556	 497	 6.12303e-017	 1
832.481	 489.508	 0.382683	 0.92388
830.329	 482	 6.12303e-017	 1
835.5	 476.5	 0.707107	 -0.707107
835.124	 468.949	 -0.382683	 -0.92388
832.062	 461.558	 -0.382683	 -0.92388
829.295	 453.378	 -0.382683	 -0.92388
826.599	 445.459	 -0.382683	 -0.92388
825.535	 437.485	 -1.83691e-016	 -1
822.474	 430.094	 -0.382683	 -0.92388
116.881	 469.951	 -1.83691e-016	 -1
111.958	 475.983	 0.707107	 -0.707107
109.806	 483.919	 -1.83691e-016	 -1
107.5	 491.521	 6.12303e-017	 1
377.68	 520.508	 -0.707107	 0.707107
381.6	 513.041	 -0.707107	 0.707107
383.938	 506	 6.12303e-017	 1
264.014	 488.986	 -0.382683	 -0.92388
270.576	 493.817	 -0.707107	 -0.707107
277.411	 498.715	 -0.92388	 -0.382683
285.043	 503.396	 -0.92388	 -0.382683
292.479	 506.05	 1	 0
296.742	 513.403	 6.12303e-017	 1
300.135	 518.594	 0.92388	 0.382683
622.954	 489.89	 1	 0
616.101	 496.243	 0.92388	 -0.382683
608.357	 500.155	 0.92388	 -0.382683
600.4	 503.258	 0.92388	 -0.382683
593	 505.604	 0.92388	 -0.382683
585.421	 504.691	 0.92388	 0.382683
577.562	 502.351	 0.92388	 0.382683
570	 500.179	 1	 0
562	 499.364	 1	 0
555.435	 501.342	 0.92388	 -0.382683
547.5	 504.75	 -0.92388	 0.382683
539.54	 507.597	 -1	 1.22461e-016
532.544	 513.107	 -0.92388	 0.382683
524.012	 515.029	 -0.92388	 0.382683
439.173	 666.082	 0.92388	 0.382683
430.937	 663.652	 0.92388	 0.382683
423.012	 660.972	 0.92388	 0.382683
414.94	 658.145	 0.92388	 0.382683
407	 655.804	 0.92388	 0.382683
398.888	 653.771	 0.92388	 0.382683
391.17	 651.088	 0.92388	 0.382683
383.102	 647.254	 0.92388	 0.382683
374.826	 643.92	 0.92388	 0.382683
245.069	 533	 6.12303e-017	 1
244.741	 524.4	 0.382683	 0.92388
240.466	 516.534	 -0.382683	 -0.92388
237.396	 510.043	 -1.83691e-016	 -1
234.005	 502.498	 -0.382683	 -0.92388
234.253	 495.152	 0.382683	 -0.92388
279.29	 516.152	 -0.382683	 -0.92388
280.287	 524	 6.12303e-017	 1
279.783	 532	 0.382683	 0.92388
286.522	 537.306	 0.707107	 0.707107
178.073	 441.274	 0.382683	 -0.92388
172	 445.625	 0.92388	 -0.382683
165.132	 450.711	 0.707107	 -0.707107
160.81	 457	 0.382683	 -0.92388
159.35	 465.438	 0.382683	 -0.92388
155.964	 473	 -1.83691e-016	 -1
152.199	 480.125	 -1.83691e-016	 -1
152.5	 488	 -1.83691e-016	 -1
151.705	 495.878	 0.382683	 -0.92388
149.867	 504	 -1.83691e-016	 -1
148.528	 511.512	 0.382683	 -0.92388
145.452	 519	 0.382683	 -0.92388
142.455	 527.481	 0.382683	 -0.92388
139.531	 535.013	 -0.382683	 0.92388
136.225	 543.093	 -0.382683	 0.92388
133.313	 551	 6.12303e-017	 1
130.757	 559.106	 -0.382683	 0.92388
184.49	 515.781	 0.382683	 -0.92388
179.208	 522.086	 0.382683	 -0.92388
177.618	 529.842	 -1.83691e-016	 -1
176.222	 537	 6.12303e-017	 1
175.656	 545	 6.12303e-017	 1
174.25	 553.104	 6.12303e-017	 1
327.251	 623.603	 0.707107	 0.707107
323.889	 615.546	 0.382683	 0.92388
319.746	 607.398	 0.382683	 0.92388
315.27	 600.095	 0.382683	 0.92388
312.574	 592.969	 0.382683	 0.92388
311.167	 585.638	 0.382683	 0.92388
309.467	 578	 6.12303e-017	 1
308.464	 570	 6.12303e-017	 1
307.066	 562	 0.382683	 0.92388
305.344	 554.564	 0.382683	 0.92388
303.338	 547	 0.382683	 0.92388
304.703	 538.584	 -0.382683	 0.92388
309.071	 532.071	 -0.707107	 0.707107
313.457	 527.896	 0.92388	 -0.382683
320.546	 525.111	 0.707107	 -0.707107
325.379	 520.208	 0.92388	 -0.382683
334	 518.528	 1	 0
613.637	 522.755	 -0.707107	 -0.707107
619.578	 528.313	 -0.707107	 -0.707107
626.845	 530.627	 0.92388	 -0.382683
634.885	 533.115	 0.92388	 0.382683
641.526	 534.062	 0.92388	 -0.382683
650	 533.224	 1	 0
658	 534.013	 1	 0
665.479	 537.521	 0.92388	 0.382683
672.496	 540.01	 0.92388	 0.382683
681	 540.373	 1	 0
689	 541.277	 1	 0
696.868	 543.82	 0.92388	 0.382683
704.452	 548.616	 0.92388	 0.382683
712	 549.866	 1	 0
720	 549.894	 0.92388	 0.382683
727.5	 553.5	 0.707107	 0.707107
733.346	 558.654	 0.707107	 0.707107
741	 560.967	 0.92388	 0.382683
748.517	 563.458	 0.92388	 0.382683
756	 565.063	 1	 0
764	 565.196	 1	 0
772.518	 563.543	 0.92388	 -0.382683
780.502	 560.505	 0.92388	 -0.382683
788.577	 557.687	 0.92388	 -0.382683
796	 557.123	 1	 0
803.307	 555.033	 0.92388	 -0.382683
811.471	 552.429	 0.92388	 -0.382683
818.063	 549.653	 0.92388	 -0.382683
824.979	 546.449	 0.92388	 -0.382683
830.748	 541.402	 0.382683	 -0.92388
832.485	 533.152	 -0.382683	 -0.92388
830.189	 525.609	 -1.83691e-016	 -1
835.914	 520.086	 0.707107	 -0.707107
126.991	 563.421	 0.92388	 0.382683
119.068	 560.837	 0.92388	 0.382683
111.104	 558.748	 0.92388	 0.382683
103.019	 556.455	 0.92388	 0.382683
94.9261	 554.178	 1	 0
87	 552.495	 1	 0
79.0173	 549.958	 0.92388	 0.382683
71.0099	 546.476	 0.92388	 0.382683
62.9974	 543.006	 -1	 1.22461e-016
55.0442	 540.893	 -1	 1.22461e-016
46.94	 538.145	 -0.92388	 -0.382683
38.8507	 535.36	 -0.92388	 -0.382683
30.8389	 532.389	 -0.92388	 -0.382683
23.022	 529.447	 -0.92388	 -0.382683
15	 528.5	 -1	 1.22461e-016
375.541	 502.1	 0.92388	 -0.382683
368	 507	 0.92388	 -0.382683
364.118	 514	 -1.83691e-016	 -1
364.134	 522	 -1.83691e-016	 -1
365.927	 529.323	 -0.382683	 -0.92388
369.173	 537.928	 -0.382683	 -0.92388
372.488	 545.859	 0.382683	 0.92388
374.019	 553.492	 0.382683	 0.92388
373.781	 562	 6.12303e-017	 1
373.301	 570	 -0.382683	 0.92388
369.108	 577.108	 -0.707107	 0.707107
362.971	 582.971	 -0.92388	 0.382683
356.124	 588.124	 -0.707107	 0.707107
351.067	 594.067	 -0.382683	 0.92388
346.718	 601.59	 -0.382683	 0.92388
343.504	 609	 6.12303e-017	 1
344.933	 617.028	 0.382683	 0.92388
347.012	 624.995	 6.12303e-017	 1
499.485	 541.464	 0.707107	 -0.707107
493.143	 544.845	 0.92388	 -0.382683
484.896	 546.75	 -1	 1.22461e-016
477	 547.7	 -0.92388	 -0.382683
1018.19	 564.468	 0.707107	 -0.707107
1009.94	 563.65	 1	 0
1001.97	 559.077	 0.92388	 0.382683
993.95	 555.621	 0.92388	 0.382683
986.823	 552.427	 0.92388	 0.382683
979	 550.317	 1	 0
970.97	 549.072	 0.92388	 0.382683
962.977	 547.055	 0.92388	 0.382683
955.448	 545.153	 -1	 1.22461e-016
946.865	 541.326	 -0.92388	 -0.382683
939	 538.879	 -1	 1.22461e-016
931	 538.259	 -1	 1.22461e-016
923	 538.151	 -1	 1.22461e-016
915.092	 536.778	 -0.92388	 -0.382683
907	 533.15	 -0.92388	 -0.382683
898.889	 527.768	 -0.707107	 -0.707107
896.454	 520.546	 -1.83691e-016	 -1
895.838	 513.152	 0.382683	 -0.92388
897.017	 505.007	 -1.83691e-016	 -1
897.017	 497.007	 -1.83691e-016	 -1
839.942	 573.476	 0.382683	 -0.92388
836.603	 579.99	 -1.83691e-016	 -1
853	 569.934	 -1	 1.22461e-016
861	 569.837	 -1	 1.22461e-016
869	 570.748	 0.92388	 0.382683
877.479	 574.551	 0.92388	 0.382683
884.218	 579.782	 0.707107	 0.707107
890.396	 584.251	 0.92388	 0.382683
898.084	 588.298	 0.92388	 0.382683
905.556	 591.364	 0.92388	 0.382683
912.471	 595.571	 0.92388	 0.382683
917.125	 599.875	 0.382683	 0.92388
61.4053	 574.904	 0.92388	 0.382683
54.2333	 577.233	 0.707107	 -0.707107
48.596	 583.54	 -0.382683	 0.92388
43.9394	 589.475	 -0.707107	 0.707107
37.1036	 594.25	 -0.707107	 0.707107
30.0858	 598.914	 -0.707107	 0.707107
152.431	 606.833	 0.92388	 -0.382683
144.394	 601.606	 0.707107	 0.707107
139	 597.625	 0.92388	 0.382683
131	 598.045	 0.92388	 0.382683
122.604	 595.682	 1	 0
115.152	 596.043	 -0.92388	 0.382683
374	 641	 0.382683	 0.92388
373.637	 633	 6.12303e-017	 1
374.68	 625	 6.12303e-017	 1
374.5	 616.5	 -0.382683	 0.92388
379.444	 608.864	 -0.92388	 0.382683
386.269	 604.269	 -0.707107	 0.707107
391.389	 598	 -0.382683	 0.92388
394.732	 590.596	 -1.83691e-016	 -1
394.903	 583	 -1.83691e-016	 -1
392.167	 575.138	 -0.382683	 -0.92388
389.625	 566.448	 -1.83691e-016	 -1
390.5	 558	 -1.83691e-016	 -1
388.417	 550.535	 -1.83691e-016	 -1
484.333	 676.862	 0.382683	 0.92388
480.467	 669.514	 0.382683	 0.92388
475.845	 661.357	 0.382683	 0.92388
472.964	 654.015	 0.382683	 0.92388
470.327	 646.572	 0.382683	 0.92388
467.311	 639.078	 0.382683	 0.92388
465.295	 632	 6.12303e-017	 1
462.466	 625.014	 0.382683	 0.92388
457.75	 617.896	 0.382683	 0.92388
456.287	 609.912	 -0.382683	 0.92388
456.856	 601.853	 0.382683	 0.92388
453.429	 595.071	 -0.382683	 -0.92388
450.583	 587.465	 -1.83691e-016	 -1
447.683	 579.457	 -0.382683	 -0.92388
570.376	 801.859	 -0.92388	 0.382683
577.842	 801.381	 -0.92388	 -0.382683
586.056	 804.864	 -0.92388	 -0.382683
593.051	 808.376	 -0.92388	 -0.382683
601	 811.682	 -0.92388	 -0.382683
609	 814.015	 1	 0
617.133	 818.18	 0.707107	 0.707107
623.552	 823.448	 0.92388	 0.382683
631	 828	 0.92388	 0.382683
636.239	 836.108	 0.707107	 0.707107
642.868	 842.257	 0.92388	 0.382683
780.041	 630.6	 0.92388	 -0.382683
772.126	 633.805	 0.92388	 -0.382683
763.753	 636.506	 0.92388	 -0.382683
755.99	 639.975	 0.92388	 -0.382683
748.48	 643.952	 0.92388	 -0.382683
740.61	 648.265	 0.92388	 -0.382683
733.187	 651.951	 0.92388	 -0.382683
725	 653.191	 1	 0
717	 652.763	 1	 0
709	 652.902	 1	 0
701	 652.866	 1	 0
693	 653.288	 1	 0
685	 653.641	 1	 0
677	 654.093	 1	 0
611.598	 644.402	 0.707107	 0.707107
606.926	 640.074	 0.707107	 0.707107
602.204	 633.623	 0.382683	 0.92388
599.823	 625.366	 0.382683	 0.92388
597.719	 618	 0.382683	 0.92388
596.203	 610.623	 0.382683	 0.92388
592.666	 603.639	 -0.707107	 -0.707107
585.95	 598.05	 -0.707107	 -0.707107
583.381	 591	 -1.83691e-016	 -1
645.228	 648.784	 0.707107	 0.707107
642.35	 642	 6.12303e-017	 1
643.485	 635	 -0.382683	 0.92388
644.073	 627	 6.12303e-017	 1
643.71	 619.413	 0.382683	 0.92388
640.758	 612	 6.12303e-017	 1
643.075	 603.824	 -1.83691e-016	 -1
641.556	 595.977	 -0.382683	 -0.92388
116	 607.578	 0.92388	 -0.382683
107.57	 610.77	 0.92388	 -0.382683
100.107	 613.757	 0.92388	 -0.382683
94.15	 618	 0.382683	 -0.92388
93.5101	 626	 0.382683	 0.92388
95.2955	 634.585	 0.382683	 0.92388
94.2833	 643.117	 -0.382683	 0.92388
92.5714	 651	 6.12303e-017	 1
91.625	 659	 6.12303e-017	 1
90.3681	 667	 6.12303e-017	 1
202.528	 610.846	 -1.83691e-016	 -1
200.232	 618.389	 0.382683	 -0.92388
197.173	 625.365	 -0.382683	 0.92388
193.692	 632.58	 -0.707107	 0.707107
191.117	 640	 6.12303e-017	 1
192.792	 648	 0.382683	 0.92388
477.821	 586	 0.382683	 -0.92388
482.683	 593.131	 -0.707107	 -0.707107
487.38	 598.55	 -0.707107	 -0.707107
492.163	 605.64	 -0.382683	 -0.92388
496.352	 612.648	 -0.707107	 -0.707107
503.464	 618.088	 -0.92388	 -0.382683
511.061	 622.353	 0.707107	 0.707107
517.03	 626.97	 0.707107	 0.707107
522.49	 632.504	 0.382683	 0.92388
673.798	 645	 0.382683	 0.92388
671.075	 637	 6.12303e-017	 1
669.206	 629.872	 0.382683	 0.92388
665.006	 623.002	 6.12303e-017	 1
671.599	 618.739	 -0.92388	 0.382683
679.99	 618.015	 1	 0
688	 617.364	 1	 0
696	 617.755	 1	 0
704	 617.802	 1	 0
712	 618.822	 1	 0
719.409	 621.219	 0.92388	 0.382683
727.389	 621.769	 1	 0
735	 623.293	 0.92388	 -0.382683
742	 621.976	 1	 0
748.879	 620.207	 0.92388	 -0.382683
754.817	 615.204	 0.92388	 -0.382683
761.989	 614.027	 1	 0
770	 614.604	 1	 0
777.864	 614.173	 0.92388	 -0.382683
783.719	 609.039	 0.382683	 -0.92388
209.63	 615.152	 -0.382683	 -0.92388
210.627	 623	 -1.83691e-016	 -1
211.163	 631	 -1.83691e-016	 -1
212.987	 639	 0.382683	 0.92388
216.096	 646.46	 0.707107	 0.707107
221.051	 653.229	 0.382683	 0.92388
224.606	 660.456	 6.12303e-017	 1
223.759	 667.607	 -0.382683	 0.92388
853.65	 573.645	 -0.382683	 -0.92388
855.99	 581.504	 -0.382683	 -0.92388
860.373	 588.627	 -0.382683	 -0.92388
866.259	 594.6	 -0.382683	 -0.92388
870.685	 600.423	 -0.382683	 -0.92388
874.434	 608	 -1.83691e-016	 -1
876.676	 615.427	 -0.382683	 -0.92388
878.717	 623	 -1.83691e-016	 -1
879.277	 631	 -1.83691e-016	 -1
879.504	 639	 6.12303e-017	 1
878.859	 647	 6.12303e-017	 1
878.145	 655	 6.12303e-017	 1
878.402	 663	 6.12303e-017	 1
259.107	 631.82	 -0.92388	 -0.382683
262.666	 638	 -1.83691e-016	 -1
260.926	 646	 6.12303e-017	 1
261.548	 654	 0.382683	 0.92388
263	 662	 6.12303e-017	 1
264.014	 669.494	 0.382683	 0.92388
265.743	 678	 0.382683	 0.92388
267.492	 686	 6.12303e-017	 1
269.373	 693.553	 0.382683	 0.92388
271.064	 702	 6.12303e-017	 1
268.465	 709.486	 -0.382683	 0.92388
338.083	 787.673	 0.382683	 0.92388
336.267	 780.096	 6.12303e-017	 1
333.909	 772.538	 0.382683	 0.92388
331.26	 765.099	 0.382683	 0.92388
328.59	 757.963	 0.382683	 0.92388
324.173	 750.635	 0.382683	 0.92388
320.915	 743.535	 0.382683	 0.92388
318.484	 736	 6.12303e-017	 1
317.488	 728	 6.12303e-017	 1
315.157	 719.642	 0.382683	 0.92388
311.98	 711.508	 0.382683	 0.92388
309.584	 703.465	 0.382683	 0.92388
306.106	 695.663	 0.382683	 0.92388
303.193	 688	 6.12303e-017	 1
302.407	 680	 6.12303e-017	 1
302.297	 671.084	 0.382683	 0.92388
300.173	 663.635	 0.382683	 0.92388
298.85	 656	 6.12303e-017	 1
299.174	 648	 6.12303e-017	 1
298.649	 640	 -1.83691e-016	 -1
295.633	 632.945	 -0.382683	 -0.92388
378.003	 798	 0.382683	 0.92388
375.783	 789.59	 0.382683	 0.92388
371.736	 781.609	 0.382683	 0.92388
367.279	 774.592	 0.382683	 0.92388
364.103	 766.457	 0.382683	 0.92388
361.683	 758	 6.12303e-017	 1
362.388	 750	 6.12303e-017	 1
362.616	 741.952	 6.12303e-017	 1
360	 736	 6.12303e-017	 1
353.55	 730.45	 0.707107	 0.707107
348.071	 725.929	 0.707107	 0.707107
343.12	 721.95	 0.707107	 0.707107
338.306	 715.694	 0.707107	 0.707107
334.118	 708.451	 0.382683	 0.92388
331.032	 700.487	 0.382683	 0.92388
327.85	 692.562	 0.382683	 0.92388
324.485	 684.506	 0.382683	 0.92388
321.602	 676.958	 0.382683	 0.92388
319.585	 669	 0.382683	 0.92388
318.719	 661	 0.382683	 0.92388
316.829	 653.364	 -0.382683	 -0.92388
313.609	 645.955	 -0.382683	 -0.92388
310.077	 638.675	 -0.382683	 -0.92388
309.481	 631.152	 0.382683	 -0.92388
373.813	 647	 -1.83691e-016	 -1
375.214	 655	 -0.382683	 -0.92388
375.429	 663	 6.12303e-017	 1
373.688	 671	 6.12303e-017	 1
373.902	 679	 6.12303e-017	 1
373.499	 687	 -0.382683	 0.92388
370.796	 694.623	 -0.382683	 0.92388
367.441	 702.476	 -0.382683	 0.92388
365.724	 710	 6.12303e-017	 1
363.971	 717.988	 -0.382683	 0.92388
84	 675.491	 1	 0
76.0683	 675.335	 1	 0
68.0331	 673.42	 0.92388	 0.382683
60.0158	 670.462	 -0.92388	 -0.382683
52	 669.043	 -1	 1.22461e-016
680.655	 700.655	 -0.92388	 0.382683
686.088	 694.088	 -0.707107	 0.707107
692.575	 689.682	 -0.92388	 0.382683
699.62	 684.289	 -0.92388	 0.382683
706.096	 679.096	 -0.707107	 0.707107
709.942	 674.942	 -0.707107	 0.707107
716.029	 670.069	 0.92388	 -0.382683
723.543	 665.603	 0.92388	 -0.382683
729.953	 660.727	 0.92388	 -0.382683
672.291	 700.979	 0.92388	 0.382683
666.333	 695.667	 0.707107	 0.707107
662.051	 689.479	 0.382683	 0.92388
659.843	 681.935	 0.382683	 -0.92388
659.281	 674	 0.382683	 -0.92388
659.654	 666	 -1.83691e-016	 -1
879.462	 666.092	 -1	 1.22461e-016
887.364	 669.828	 -0.92388	 -0.382683
895	 672.567	 -0.92388	 -0.382683
903	 673.167	 -1	 1.22461e-016
911	 673.07	 -1	 1.22461e-016
919	 673.494	 -1	 1.22461e-016
926.902	 677.098	 -0.707107	 -0.707107
931.607	 680.956	 -0.707107	 -0.707107
937.01	 688.996	 0.382683	 0.92388
941.929	 696.529	 0.382683	 0.92388
946.396	 704.043	 0.382683	 0.92388
951.965	 711.015	 0.707107	 0.707107
956.826	 716.174	 0.92388	 0.382683
963.047	 721.981	 0.707107	 0.707107
966.777	 728.836	 0.382683	 0.92388
967.081	 736.533	 -0.382683	 0.92388
963.175	 744.53	 -0.382683	 0.92388
412	 697.167	 0.92388	 -0.382683
402.848	 697.363	 0.92388	 0.382683
395.008	 697.445	 -0.92388	 0.382683
387.566	 701.66	 -1	 1.22461e-016
563.973	 794.011	 0.382683	 0.92388
560.386	 786.614	 0.382683	 0.92388
556.047	 781.953	 0.707107	 0.707107
550.035	 776.965	 0.92388	 0.382683
543.131	 772.869	 0.92388	 0.382683
536.865	 768.135	 0.707107	 0.707107
530.737	 762.263	 0.707107	 0.707107
525.04	 756.96	 0.707107	 0.707107
518.906	 751.539	 0.707107	 0.707107
514.554	 743.977	 0.382683	 0.92388
512.457	 736.518	 0.382683	 0.92388
509.656	 728.935	 0.382683	 0.92388
508.131	 721.446	 0.382683	 0.92388
503.78	 713.384	 0.382683	 0.92388
499.801	 706.375	 -0.382683	 -0.92388
495.385	 698.548	 -0.382683	 -0.92388
490.257	 692.743	 -0.707107	 -0.707107
486.555	 685.477	 -0.382683	 -0.92388
114.087	 705.913	 -0.382683	 -0.92388
120.485	 711.536	 -0.707107	 -0.707107
126.743	 717.257	 -0.707107	 -0.707107
132.61	 722.488	 0.92388	 0.382683
138.257	 728.743	 0.707107	 0.707107
143.739	 735.108	 0.382683	 0.92388
638.582	 750.697	 -0.92388	 0.382683
646.152	 747.24	 -0.92388	 0.382683
654	 746.532	 -1	 1.22461e-016
662.438	 747.562	 -0.92388	 -0.382683
667.552	 752.375	 -0.92388	 -0.382683
443.083	 700	 -1.83691e-016	 -1
444.997	 707.501	 -0.382683	 -0.92388
447.371	 715	 -1.83691e-016	 -1
446.167	 722.862	 -1.83691e-016	 -1
443.981	 730.492	 0.382683	 -0.92388
442.367	 738	 0.382683	 0.92388
445.082	 745.466	 0.382683	 0.92388
446.674	 752.928	 6.12303e-017	 1
446.89	 761	 6.12303e-017	 1
446.371	 769	 6.12303e-017	 1
447.568	 776.972	 0.382683	 0.92388
448.076	 784	 6.12303e-017	 1
447.638	 792	 6.12303e-017	 1
448.29	 800	 0.382683	 0.92388
450.966	 807.514	 0.382683	 0.92388
453.52	 815.492	 0.382683	 0.92388
457.502	 822.499	 0.382683	 0.92388
460.165	 829.932	 0.382683	 0.92388
462.38	 838	 0.382683	 0.92388
879.56	 769.475	 0.382683	 0.92388
874.487	 762.005	 0.382683	 0.92388
868.718	 755.91	 0.382683	 0.92388
863.022	 750.448	 0.92388	 0.382683
856.006	 746.485	 0.707107	 0.707107
850.984	 742.016	 0.707107	 0.707107
845.9	 737.041	 0.707107	 0.707107
840.3	 731.7	 -0.92388	 -0.382683
834.203	 726.797	 -0.707107	 -0.707107
828.365	 721.635	 -0.707107	 -0.707107
824.643	 714.744	 -1.83691e-016	 -1
94.0659	 777.659	 -1	 1.22461e-016
102.064	 774.154	 -0.92388	 0.382683
110.113	 770.273	 -0.92388	 0.382683
117.909	 766.78	 -0.92388	 0.382683
126	 764.111	 -1	 1.22461e-016
134.104	 762.252	 -0.92388	 0.382683
142	 760.454	 1	 0
150	 758.967	 1	 0
158	 757.253	 1	 0
277.35	 788	 6.12303e-017	 1
278.484	 780	 6.12303e-017	 1
279.723	 772	 6.12303e-017	 1
281.022	 764	 -0.382683	 0.92388
280.539	 755.984	 -1.83691e-016	 -1
280.017	 748	 -1.83691e-016	 -1
280.991	 740	 -1.83691e-016	 -1
282.801	 731.152	 0.382683	 -0.92388
904.833	 736.167	 -0.707107	 -0.707107
908.986	 743.006	 -0.382683	 -0.92388
912.188	 750.922	 -0.382683	 -0.92388
914	 759	 -1.83691e-016	 -1
915.411	 767.037	 0.382683	 0.92388
917.864	 775	 6.12303e-017	 1
919.665	 782.848	 0.382683	 0.92388
923.599	 789.423	 0.707107	 0.707107
141.652	 841.265	 -1	 1.22461e-016
147.75	 835.396	 -0.707107	 0.707107
152.056	 829.023	 -0.382683	 0.92388
155.514	 821.514	 -0.382683	 0.92388
159.008	 816.019	 -0.707107	 0.707107
165.932	 810.837	 -0.92388	 0.382683
480.324	 779.963	 -0.707107	 -0.707107
487	 783.306	 -1	 1.22461e-016
495.401	 781.544	 -0.92388	 -0.382683
501.113	 786.887	 0.707107	 0.707107
504.511	 793.495	 6.12303e-017	 1
665.652	 817.356	 6.12303e-017	 1
667.374	 810	 6.12303e-017	 1
666.251	 802.104	 6.12303e-017	 1
667.85	 794.438	 -0.382683	 0.92388
670.214	 787	 -1.83691e-016	 -1
676.952	 755.116	 -1	 1.22461e-016
684.214	 759.911	 -0.707107	 -0.707107
691.417	 765.583	 -0.92388	 -0.382683
697	 771	 -0.92388	 -0.382683
704.7	 775.3	 -0.707107	 -0.707107
710.741	 780.4	 -0.382683	 -0.92388
716.5	 786	 -0.382683	 -0.92388
721.658	 792.142	 0.382683	 0.92388
726.253	 798.747	 0.92388	 0.382683
886.261	 774.739	 -0.92388	 -0.382683
892.087	 780.964	 -0.382683	 -0.92388
895.042	 789	 0.382683	 0.92388
897.214	 797	 0.382683	 0.92388
899.25	 805.104	 0.382683	 0.92388
901.443	 813	 0.382683	 0.92388
902.968	 821	 6.12303e-017	 1
904.185	 828.923	 6.12303e-017	 1
183	 803.481	 -1	 1.22461e-016
191.904	 805.233	 -0.92388	 -0.382683
200	 806.364	 -1	 1.22461e-016
208	 806.22	 -1	 1.22461e-016
216	 805.39	 -1	 1.22461e-016
224.112	 803.77	 -0.92388	 0.382683
231	 801.311	 -0.92388	 0.382683
238.531	 798.574	 0.92388	 -0.382683
246.507	 795.017	 0.92388	 -0.382683
254	 793.236	 0.92388	 0.382683
261.535	 795.916	 0.92388	 0.382683
268.964	 798.588	 0.92388	 0.382683
276.499	 802.003	 0.92388	 0.382683
283.951	 806.118	 0.92388	 0.382683
290.986	 810.033	 0.92388	 0.382683
297.956	 813.106	 0.92388	 0.382683
305.031	 815.926	 0.92388	 0.382683
312.094	 818.772	 0.92388	 0.382683
319.897	 821.247	 0.92388	 0.382683
327.96	 823.096	 0.92388	 0.382683
335.638	 826.167	 0.92388	 0.382683
343.038	 829.408	 0.92388	 0.382683
350.612	 833.23	 0.92388	 0.382683
358.038	 836.409	 0.92388	 0.382683
365.084	 840.916	 0.92388	 0.382683
372.373	 845.627	 0.92388	 0.382683
378.616	 849.721	 0.707107	 0.707107
555	 806.636	 0.92388	 0.382683
547	 805.346	 1	 0
539.441	 802.643	 0.707107	 0.707107
531.952	 798.616	 -1	 1.22461e-016
524	 798.411	 -1	 1.22461e-016
516	 797.904	 -1	 1.22461e-016
508	 798.435	 -1	 1.22461e-016
668.106	 782.106	 0.707107	 -0.707107
659.526	 782.562	 1	 0
652.505	 785.053	 0.382683	 -0.92388
649.444	 792.444	 0.382683	 -0.92388
646.548	 798.52	 -0.382683	 0.92388
645.63	 805.414	 -0.707107	 0.707107
389.474	 812	 -1.83691e-016	 -1
389.158	 820	 -1.83691e-016	 -1
388.07	 827.529	 6.12303e-017	 1
385.929	 835.97	 -0.382683	 0.92388
383.517	 844.007	 -0.382683	 0.92388
861.014	 836.033	 1	 0
853.129	 837.313	 1	 0
845.006	 840.015	 0.92388	 -0.382683
837	 841.5	 1	 0
250.964	 847.485	 0.707107	 -0.707107
247.357	 854.711	 6.12303e-017	 1
247.694	 862.848	 0.382683	 0.92388
521	 858.901	 -0.92388	 -0.382683
529	 861.148	 -1	 1.22461e-016
537	 862.673	 -0.92388	 -0.382683
545	 864.193	 -1	 1.22461e-016
553	 864.966	 -1	 1.22461e-016
795.536	 860	 -0.382683	 -0.92388
797.583	 868	 0.382683	 0.92388
800.625	 874.948	 0.382683	 0.92388
800.833	 883.931	 -0.382683	 0.92388
793.062	 887.15	 -0.92388	 0.382683
786	 893	 -0.707107	 0.707107
784.5	 901	 6.12303e-017	 1
826.848	 904.765	 0.92388	 0.382683
824.275	 898	 6.12303e-017	 1
824.429	 890	 6.12303e-017	 1
825.271	 882	 6.12303e-017	 1
826.35	 874	 6.12303e-017	 1
827.041	 866	 6.12303e-017	 1
400	 870.149	 1	 0
391	 871.783	 0.92388	 -0.382683
382.976	 873.443	 -0.92388	 0.382683
375.944	 875.864	 -0.92388	 0.382683
368.937	 878.847	 -0.92388	 0.382683
361.071	 883.17	 -0.92388	 0.382683
353.149	 886.757	 -0.92388	 0.382683
345.758	 889.819	 -0.92388	 0.382683
340	 895.31	 1	 0
332.073	 896.676	 0.92388	 -0.382683
561.125	 908.948	 0.707107	 0.707107
557.875	 901	 0.382683	 0.92388
559.115	 893.047	 6.12303e-017	 1
560.955	 885	 6.12303e-017	 1
559.934	 875.5	 -1.83691e-016	 -1
639.295	 856	 0.382683	 -0.92388
635.5	 863.5	 -1.83691e-016	 -1
631.384	 870.384	 0.707107	 -0.707107
625.268	 876.341	 -0.707107	 0.707107
624.075	 883.771	 0.382683	 0.92388
620.385	 893.41	 -0.382683	 0.92388
684.304	 864	 -1.83691e-016	 -1
685.894	 872	 -1.83691e-016	 -1
686.391	 880	 6.12303e-017	 1
686.401	 888	 6.12303e-017	 1
415.583	 942	 6.12303e-017	 1
415.836	 934	 6.12303e-017	 1
417.196	 926.374	 -0.382683	 0.92388
421.897	 918.623	 -0.382683	 0.92388
424.303	 911	 -0.382683	 0.92388
423.933	 903	 6.12303e-017	 1
424.245	 895	 6.12303e-017	 1
424.528	 887	 -1.83691e-016	 -1
423.409	 879	 -1.83691e-016	 -1
512.641	 860.641	 0.92388	 -0.382683
506.422	 866.422	 0.707107	 -0.707107
499.427	 871.823	 0.92388	 -0.382683
320	 898.12	 1	 0
312	 897.958	 1	 0
304	 897.851	 1	 0
549.366	 933.579	 -0.92388	 0.382683
556.757	 930.517	 -0.92388	 0.382683
563.57	 926.669	 -0.92388	 0.382683
569.976	 921.976	 -0.707107	 0.707107
573.99	 917.99	 -0.707107	 0.707107
579.856	 911.856	 -0.707107	 0.707107
586.518	 906.043	 -0.92388	 0.382683
592.5	 901.5	 0.92388	 -0.382683
600.536	 897.587	 0.92388	 -0.382683
608.88	 894.71	 1	 0
281.768	 935.127	 -1	 1.22461e-016
289.311	 932.831	 -0.92388	 0.382683
295.563	 927.026	 -0.382683	 0.92388
297.444	 918.684	 6.12303e-017	 1
300.253	 910.398	 0.382683	 -0.92388
343	 916.175	 0.92388	 0.382683
335	 914.69	 -1	 1.22461e-016
643.23	 905.23	 0.707107	 -0.707107
639.023	 910.023	 0.707107	 -0.707107
634.026	 916.511	 -0.382683	 0.92388
629.611	 923.046	 -0.382683	 0.92388
625.61	 931.045	 -0.382683	 0.92388
619.183	 935.942	 -1	 1.22461e-016
611	 936.012	 -1	 1.22461e-016
603	 936	 -1	 1.22461e-016
595	 935.992	 -1	 1.22461e-016
587	 935.992	 -1	 1.22461e-016
579	 935.984	 -1	 1.22461e-016
375.176	 908	 -1.83691e-016	 -1
374.714	 916	 -1.83691e-016	 -1
374.302	 924	 -1.83691e-016	 -1
374.214	 932	 6.12303e-017	 1
674	 934.994	 1	 0
666	 935	 1	 0
658	 934.988	 1	 0
652.305	 930	 0.382683	 0.92388
651.202	 922	 -0.382683	 -0.92388
648.103	 914.458	 -0.382683	 -0.92388
75.8478	 472.515	 0.92388	 0.382683
68	 470.85	 -1	 1.22461e-016
60.145	 468.65	 -0.707107	 -0.707107
57.9167	 460.035	 -0.707107	 -0.707107
55.375	 703.375	 -0.382683	 0.92388
63.9852	 702.464	 -1	 1.22461e-016
72	 699.944	 1	 0
80	 699.212	 1	 0
88	 699.469	 1	 0
96	 699.348	 1	 0
70.745	 736.373	 -0.382683	 0.92388
75.9248	 731.528	 -0.92388	 0.382683
82.4567	 727.582	 -0.92388	 0.382683
90	 725.375	 -1	 1.22461e-016
98	 725.775	 1	 0
94.0833	 745.083	 -0.382683	 0.92388
102	 742.214	 -1	 1.22461e-016
110	 742.735	 1	 0
118	 742.607	 1	 0
126	 742.192	 1	 0
134	 741.325	 0.92388	 -0.382683
141.528	 739.566	 0.92388	 -0.382683
119.995	 814.488	 -1	 1.22461e-016
126.497	 808.992	 -0.707107	 0.707107
133.088	 804.712	 -0.92388	 0.382683
141	 802.932	 -1	 1.22461e-016
149	 802.877	 1	 0
156.983	 802.958	 1	 0
165	 803.278	 1	 0
168.152	 662.201	 -0.92388	 -0.382683
176	 662.61	 1	 0
201.438	 320.526	 0.382683	 0.92388
197.143	 313.648	 0.382683	 0.92388
192.869	 306.262	 0.382683	 0.92388
188.803	 299.197	 0.707107	 0.707107
183.96	 294.04	 -0.707107	 -0.707107
180.083	 288.917	 -0.382683	 -0.92388
203.25	 843.396	 -1.83691e-016	 -1
201.75	 851	 -0.382683	 -0.92388
201.867	 860.445	 0.382683	 -0.92388
198.042	 868	 6.12303e-017	 1
197.188	 876.422	 6.12303e-017	 1
193.579	 882.243	 -0.707107	 0.707107
225.3	 675.3	 -0.707107	 0.707107
232	 671.468	 -0.92388	 0.382683
240	 670.119	 1	 0
247.476	 668.942	 0.92388	 -0.382683
282.962	 593.984	 -0.382683	 0.92388
286.359	 587	 -0.382683	 0.92388
285.802	 579.582	 -0.382683	 -0.92388
282.048	 572	 0.382683	 -0.92388
279.981	 564	 -0.382683	 -0.92388
278.255	 556.304	 -0.382683	 -0.92388
318.405	 241.23	 1	 0
310.645	 239.15	 -0.92388	 -0.382683
301.687	 236.151	 -0.92388	 -0.382683
292	 237.75	 -0.92388	 0.382683
422.961	 397.595	 1	 0
415	 396.08	 1	 0
407	 394.184	 1	 0
399	 393.447	 -1	 1.22461e-016
391.44	 396.354	 -0.707107	 0.707107
385.25	 695.25	 -0.92388	 0.382683
391.969	 689.425	 -0.92388	 0.382683
400	 688.792	 -1	 1.22461e-016
408	 689.039	 -1	 1.22461e-016
415.658	 686.881	 0.92388	 -0.382683
423.444	 683.865	 0.92388	 -0.382683
431	 681.56	 0.92388	 -0.382683
436.054	 677.054	 0.707107	 -0.707107
442.904	 672.767	 0.92388	 -0.382683
418.846	 728.357	 0.382683	 0.92388
416.554	 721	 0.382683	 0.92388
414.597	 712.96	 -1.83691e-016	 -1
414.391	 705	 -1.83691e-016	 -1
434.084	 819.035	 6.12303e-017	 1
436.508	 812.497	 6.12303e-017	 1
433.024	 805.976	 0.707107	 0.707107
426.9	 801.1	 0.92388	 0.382683
420.651	 795.135	 0.92388	 0.382683
413.822	 790.178	 -0.707107	 -0.707107
407	 787.316	 -1	 1.22461e-016
400.033	 792.033	 -0.382683	 0.92388
394.967	 797.967	 -0.707107	 0.707107
391.257	 802.899	 6.12303e-017	 1
474.042	 253.101	 -1	 1.22461e-016
482	 251.867	 -1	 1.22461e-016
490	 249.85	 -0.92388	 0.382683
498.105	 247.254	 0.92388	 -0.382683
506	 246.369	 0.92388	 0.382683
524	 331.607	 1	 0
516	 330.652	 1	 0
508	 330.091	 0.92388	 -0.382683
499.376	 327.798	 0.92388	 0.382683
492	 325.598	 -1	 1.22461e-016
484	 324.955	 -1	 1.22461e-016
476.299	 322.38	 -1	 1.22461e-016
480.488	 394.028	 -1	 1.22461e-016
488.152	 398.143	 -0.92388	 0.382683
496	 397.875	 1	 0
502.816	 398.189	 0.92388	 0.382683
468	 418.409	 -1	 1.22461e-016
476	 418.373	 -1	 1.22461e-016
484	 418.465	 -1	 1.22461e-016
492	 417.979	 1	 0
500	 417.332	 1	 0
507.433	 419.662	 0.92388	 0.382683
563.377	 643.163	 1	 0
556	 643.717	 0.92388	 0.382683
548	 643.918	 1	 0
540.152	 642.71	 -1	 1.22461e-016
532.028	 640.433	 -0.92388	 -0.382683
588.915	 302.848	 0.382683	 0.92388
582.899	 295.763	 0.382683	 0.92388
544	 531.773	 -1	 1.22461e-016
552.777	 534.223	 -0.707107	 -0.707107
557.889	 538.111	 -0.707107	 -0.707107
564.865	 543.556	 -0.707107	 -0.707107
569.926	 551.53	 -0.382683	 -0.92388
574.61	 558.454	 -0.382683	 -0.92388
578.436	 565.526	 -0.382683	 -0.92388
582.452	 573.104	 6.12303e-017	 1
584.188	 581	 6.12303e-017	 1
566	 705.019	 -1	 1.22461e-016
573.452	 701.883	 -0.92388	 0.382683
581	 700.5	 -0.92388	 -0.382683
589	 703.904	 -1	 1.22461e-016
596.962	 706.091	 -0.92388	 -0.382683
605.237	 705.407	 -0.92388	 0.382683
613	 703.515	 0.92388	 -0.382683
610.058	 425.861	 -1	 1.22461e-016
618	 428.162	 -1	 1.22461e-016
626	 428.578	 0.92388	 0.382683
632.608	 432.74	 0.92388	 0.382683
640	 435.978	 0.92388	 0.382683
615.763	 318	 0.382683	 0.92388
616.231	 310.346	 -0.382683	 0.92388
619.244	 302.244	 -0.382683	 0.92388
625.604	 297.75	 -0.92388	 0.382683
632.848	 295.485	 0.92388	 -0.382683
690.467	 505.04	 -0.707107	 -0.707107
697.425	 508.75	 0.92388	 0.382683
703.031	 514.987	 0.707107	 0.707107
708.383	 519.283	 1	 0
715.301	 519.379	 0.92388	 0.382683
723.806	 519.665	 0.92388	 0.382683
741	 911.236	 1	 0
733	 911.2	 1	 0
725.044	 910.394	 1	 0
717.377	 907.796	 0.92388	 0.382683
709.5	 904.9	 -0.92388	 -0.382683
702.02	 901.951	 -0.92388	 -0.382683
695.554	 898.87	 -0.92388	 -0.382683
791.65	 402.65	 -1.83691e-016	 -1
789.485	 410.464	 0.707107	 -0.707107
781	 412.135	 1	 0
773	 414.117	 0.92388	 -0.382683
764.639	 417.648	 0.92388	 -0.382683
762.062	 424.65	 0.707107	 -0.707107
755.256	 428.615	 0.92388	 -0.382683
747.618	 431.782	 0.92388	 -0.382683
740.041	 433.9	 1	 0
731	 433.875	 -1	 1.22461e-016
723	 435.078	 -1	 1.22461e-016
766.166	 756.834	 0.92388	 0.382683
762.317	 749.356	 0.707107	 0.707107
756.094	 744.273	 0.92388	 0.382683
749.652	 740.348	 0.707107	 0.707107
744.938	 735.062	 0.707107	 0.707107
739.117	 728.452	 0.707107	 0.707107
737.538	 721.016	 -1.83691e-016	 -1
732.66	 714.555	 -0.707107	 -0.707107
725.451	 714.382	 -0.92388	 0.382683
721.171	 721.864	 -0.382683	 0.92388
719.211	 729.848	 -0.382683	 0.92388
716.323	 737.512	 -0.707107	 0.707107
707.97	 740.429	 -1	 1.22461e-016
700.152	 739.915	 -0.92388	 0.382683
692.761	 742.977	 -0.92388	 0.382683
686.264	 748.092	 -0.707107	 0.707107
764.97	 588.428	 0.92388	 -0.382683
757	 589.831	 -1	 1.22461e-016
749	 590.835	 -0.92388	 -0.382683
742.518	 586.955	 -0.92388	 -0.382683
735	 584.888	 -1	 1.22461e-016
727	 585.609	 -1	 1.22461e-016
719	 585.81	 -1	 1.22461e-016
711	 585.848	 -1	 1.22461e-016
703	 585.279	 -1	 1.22461e-016
695	 586.219	 -1	 1.22461e-016
687	 586.767	 -1	 1.22461e-016
679	 585.813	 -1	 1.22461e-016
748	 910	 -1	 1.22461e-016
756.133	 910.321	 -1	 1.22461e-016
763.569	 907.667	 0.92388	 -0.382683
771.941	 904.857	 0.92388	 -0.382683
779.348	 901.735	 0.92388	 -0.382683
791.811	 464.154	 0.707107	 -0.707107
786.41	 470.6	 0.707107	 -0.707107
780.753	 476.257	 0.707107	 -0.707107
775.096	 481.914	 -0.707107	 0.707107
770.514	 870.486	 -0.382683	 -0.92388
774.667	 877	 -0.382683	 -0.92388
798.855	 348.057	 0.707107	 0.707107
791.901	 344.24	 0.92388	 0.382683
783.934	 341.159	 -0.92388	 -0.382683
802	 857.357	 -1	 1.22461e-016
810	 858.343	 -0.92388	 -0.382683
817.848	 860.265	 0.92388	 0.382683
810.513	 582.505	 -0.382683	 0.92388
814.788	 574.412	 -0.382683	 0.92388
818.964	 568.964	 -0.707107	 0.707107
823.917	 563.917	 -0.707107	 0.707107
829.018	 559.018	 0.707107	 -0.707107
834.986	 554.466	 0.707107	 -0.707107
840.643	 548.809	 0.707107	 -0.707107
821.215	 594.917	 -0.92388	 0.382683
828.442	 590.653	 0.707107	 -0.707107
896.052	 474.366	 -0.707107	 0.707107
901.709	 468.709	 -0.707107	 0.707107
907.578	 462.963	 0.707107	 -0.707107
958.742	 579.888	 0.382683	 -0.92388
952.569	 585.667	 1	 0
945.097	 589.734	 0.92388	 -0.382683
938	 594.365	 -0.92388	 0.382683
931.75	 597.75	 -0.707107	 0.707107
976.329	 503.329	 -0.382683	 0.92388
982.448	 500.375	 0.707107	 -0.707107
932.874	 484.696	 -0.92388	 0.382683
940.069	 481.667	 -0.92388	 0.382683
947.857	 479.654	 -0.92388	 0.382683
956.052	 477.125	 -0.92388	 0.382683
964.029	 475.569	 -1	 1.22461e-016
972.152	 472.449	 -0.92388	 -0.382683
979.868	 472.318	 -1	 1.22461e-016
988	 472.606	 -1	 1.22461e-016
996	 473.464	 0.92388	 -0.382683
432.104	 85.25	 -1	 1.22461e-016
437.909	 91.7201	 -0.707107	 -0.707107
444.872	 95.8083	 -0.92388	 -0.382683
452.505	 98.4889	 0.92388	 0.382683
459.417	 101.7	 0.92388	 0.382683
466.457	 105.104	 1	 0
473.903	 109.233	 0.92388	 0.382683
481.485	 113.036	 0.707107	 0.707107
489.569	 115.667	 1	 0
497	 117.694	 0.92388	 0.382683
503.334	 121.9	 1	 0
511	 124.375	 1	 0
513	 124.633	 0.92388	 0.382683
519.083	 128.917	 0.92388	 0.382683
524.896	 134.75	 0.707107	 0.707107
530.977	 139.023	 0.92388	 0.382683
537.511	 144.473	 0.92388	 0.382683
543.488	 149.512	 0.707107	 0.707107
441	 164.542	 0.92388	 -0.382683
433.465	 165.417	 1	 0
414	 85.0075	 -1	 1.22461e-016
422	 85.0085	 -1	 1.22461e-016
430	 84.9915	 -1	 1.22461e-016
644.079	 121.033	 -0.382683	 0.92388
646.413	 112.964	 -0.382683	 0.92388
648.625	 105.552	 -1.83691e-016	 -1
649.765	 98.1522	 0.382683	 -0.92388
768.053	 328.937	 0.382683	 0.92388
771.378	 336.051	 0.382683	 0.92388
599.341	 132	 6.12303e-017	 1
600.019	 141	 6.12303e-017	 1
600.517	 149	 6.12303e-017	 1
601.743	 158	 6.12303e-017	 1
602.417	 166	 6.12303e-017	 1
604.265	 173.848	 0.382683	 0.92388
605.688	 182.129	 6.12303e-017	 1
607.485	 189.848	 -0.382683	 0.92388
478.396	 160.25	 1	 0
469.148	 159.357	 1	 0
461	 160.813	 0.92388	 -0.382683
453	 162.107	 1	 0
445.365	 164.175	 1	 0
400.845	 168.596	 0.92388	 0.382683
395.115	 162.885	 0.92388	 0.382683
387.921	 158.69	 0.92388	 0.382683
380	 155.091	 1	 0
372	 152.31	 1	 0
364	 150.536	 1	 0
356.479	 147.05	 0.92388	 0.382683
349	 143.417	 0.92388	 0.382683
340.961	 141.095	 1	 0
333	 139.295	 1	 0
324.985	 136.036	 0.92388	 0.382683
317.319	 131.51	 0.707107	 0.707107
311.293	 125.707	 0.707107	 0.707107
304.45	 120.55	 -0.382683	 -0.92388
298.375	 114.345	 -0.382683	 -0.92388
293.321	 107.074	 -0.707107	 -0.707107
287.778	 101.222	 -0.707107	 -0.707107
284.586	 93.5858	 -0.707107	 -0.707107
425	 167.817	 0.92388	 -0.382683
417.069	 169.667	 0.92388	 -0.382683
408.396	 172.25	 0.92388	 -0.382683
322	 202.5	 1	 0
329.949	 201.378	 0.92388	 -0.382683
337	 198.5	 0.92388	 -0.382683
344.937	 195.847	 0.92388	 -0.382683
90.9539	 247.94	 -0.382683	 0.92388
96.1271	 241.179	 -0.382683	 0.92388
99.1885	 233.787	 -0.382683	 0.92388
102.25	 226.396	 -0.382683	 0.92388
107.423	 219.635	 -0.382683	 0.92388
110.485	 212.244	 -0.382683	 0.92388
115.008	 205.622	 -0.382683	 0.92388
120.319	 199.147	 -0.707107	 0.707107
126.679	 193.679	 -0.707107	 0.707107
132.705	 187.705	 -0.707107	 0.707107
138.703	 181.703	 -0.707107	 0.707107
144.698	 175.698	 -0.707107	 0.707107
150.43	 169.871	 -0.92388	 0.382683
156.699	 164.699	 -0.707107	 0.707107
162.698	 158.698	 -0.707107	 0.707107
168.701	 152.701	 -0.707107	 0.707107
174.717	 146.717	 -0.707107	 0.707107
181.287	 141.115	 -0.707107	 0.707107
187.284	 135.112	 -0.707107	 0.707107
193.285	 129.114	 -0.707107	 0.707107
199.302	 123.13	 -0.707107	 0.707107
205.66	 117.66	 -0.707107	 0.707107
211.703	 111.703	 -0.707107	 0.707107
217.707	 105.707	 -0.707107	 0.707107
223.715	 99.715	 -0.707107	 0.707107
229.647	 93.8615	 -0.92388	 0.382683
236.605	 90.1512	 -0.92388	 0.382683
244.453	 89.3858	 -1	 1.22461e-016
252	 86.1405	 -1	 1.22461e-016
260	 86.1405	 -1	 1.22461e-016
268	 86.1405	 -1	 1.22461e-016
276	 86.1405	 -1	 1.22461e-016
347.112	 195.269	 0.92388	 -0.382683
353.9	 192.258	 0.92388	 -0.382683
361.985	 188.463	 1	 0
369.445	 183.867	 1	 0
377.469	 182.425	 1	 0
385.035	 179.083	 0.92388	 -0.382683
392.431	 176.333	 1	 0
398.896	 173.25	 0.92388	 -0.382683
52.8959	 323.457	 -0.382683	 0.92388
56.7548	 315.398	 -0.382683	 0.92388
60	 308.5	 -0.382683	 0.92388
63.903	 300.46	 -0.382683	 0.92388
67.8971	 292.457	 -0.382683	 0.92388
71.9004	 284.459	 -0.382683	 0.92388
75.8946	 276.456	 -0.382683	 0.92388
79.8965	 268.457	 -0.382683	 0.92388
83.893	 260.456	 -0.382683	 0.92388
88.6578	 253.483	 -0.382683	 0.92388
688.535	 196.083	 0.707107	 -0.707107
680.424	 196.018	 0.92388	 0.382683
674.462	 191.538	 0.707107	 0.707107
667.934	 186.158	 0.707107	 0.707107
661.994	 181.014	 0.707107	 0.707107
656.944	 175.056	 0.707107	 0.707107
652.639	 168.442	 0.382683	 0.92388
647.85	 161.062	 0.382683	 0.92388
644.9	 152.834	 0.382683	 0.92388
642.068	 144.972	 6.12303e-017	 1
641.411	 137	 6.12303e-017	 1
641.938	 129	 6.12303e-017	 1
418.392	 262.848	 0.382683	 0.92388
417.833	 254.638	 6.12303e-017	 1
421.861	 247	 -0.382683	 0.92388
423.622	 238	 0.382683	 0.92388
423.318	 230	 6.12303e-017	 1
422.826	 221.865	 0.382683	 0.92388
422.324	 214	 -0.382683	 0.92388
423.899	 206.665	 -0.382683	 0.92388
425.462	 199	 6.12303e-017	 1
426.072	 191	 6.12303e-017	 1
425.986	 183	 -1.83691e-016	 -1
424.726	 175.152	 -0.382683	 -0.92388
615.889	 229.111	 0.92388	 0.382683
611.611	 221.454	 6.12303e-017	 1
606.458	 214	 0.382683	 0.92388
600.25	 207	 -0.382683	 -0.92388
595.022	 200.978	 -0.707107	 -0.707107
591.208	 196.792	 -0.707107	 -0.707107
585	 181.639	 0.92388	 0.382683
577	 177.25	 0.92388	 0.382683
569.75	 172.25	 0.92388	 0.382683
561.928	 168.673	 0.707107	 0.707107
553.796	 166.39	 0.92388	 0.382683
546	 164.75	 1	 0
537.954	 163.111	 0.92388	 0.382683
530	 162.771	 1	 0
521.033	 161.579	 1	 0
513	 161.083	 1	 0
504.972	 158.933	 1	 0
497.105	 158.755	 1	 0
489	 159.292	 0.92388	 -0.382683
480	 160.083	 1	 0
718.026	 218.063	 0.92388	 -0.382683
710.078	 217.313	 0.92388	 0.382683
703.507	 213.483	 0.92388	 0.382683
696	 209.167	 -0.92388	 -0.382683
689.819	 203.181	 -0.382683	 -0.92388
277	 371.233	 -0.92388	 -0.382683
269	 369.351	 -1	 1.22461e-016
261	 367.848	 -1	 1.22461e-016
253	 366.207	 -1	 1.22461e-016
245	 365.208	 -1	 1.22461e-016
237.604	 233.75	 -0.92388	 0.382683
228.942	 235.361	 -1	 1.22461e-016
222.004	 238.009	 -0.92388	 0.382683
214.448	 241.375	 -1	 1.22461e-016
207	 243	 -0.92388	 0.382683
199	 246.036	 -0.92388	 0.382683
190.896	 248.75	 -0.92388	 0.382683
183	 250.375	 -0.92388	 0.382683
166.948	 362.375	 -0.92388	 0.382683
159	 363.542	 -1	 1.22461e-016
151	 362.264	 -0.92388	 -0.382683
142	 362.068	 -1	 1.22461e-016
134	 361.3	 -1	 1.22461e-016
125.834	 359.9	 -0.92388	 -0.382683
118	 358.958	 -0.92388	 -0.382683
176	 252.833	 -1	 1.22461e-016
167.543	 253.104	 -1	 1.22461e-016
159.521	 253.55	 -0.92388	 0.382683
150.985	 254.536	 -1	 1.22461e-016
143.537	 255.089	 -1	 1.22461e-016
136	 254.4	 -1	 1.22461e-016
127.569	 253.167	 -1	 1.22461e-016
120	 251.857	 -0.92388	 -0.382683
110.878	 250.295	 -1	 1.22461e-016
102.604	 250.25	 -1	 1.22461e-016
368.438	 263.15	 -0.92388	 -0.382683
376.807	 263.467	 -1	 1.22461e-016
385	 265.1	 -1	 1.22461e-016
393	 265.778	 -1	 1.22461e-016
401	 265.667	 -1	 1.22461e-016
407.929	 262.47	 -0.707107	 0.707107
409.7	 255	 6.12303e-017	 1
408.348	 247	 -1.83691e-016	 -1
407.958	 239	 -0.382683	 -0.92388
406.194	 231	 -0.382683	 -0.92388
405.596	 223	 -1.83691e-016	 -1
404.773	 214.887	 -1.83691e-016	 -1
403.516	 206.993	 -0.382683	 -0.92388
404.621	 199.152	 0.382683	 -0.92388
776.406	 362	 6.12303e-017	 1
779.9	 370.041	 0.382683	 0.92388
784.148	 377.939	 0.382683	 0.92388
788.321	 384.574	 0.382683	 0.92388
792.121	 391.95	 0.382683	 0.92388
493.109	 295.109	 -0.707107	 0.707107
488.008	 301.008	 -0.707107	 0.707107
483.852	 305.852	 -0.707107	 0.707107
478.788	 313.119	 -0.382683	 0.92388
604	 331	 1	 0
611.948	 333.626	 0.92388	 0.382683
620	 335.188	 1	 0
628.337	 336.393	 0.92388	 0.382683
636	 338.172	 0.92388	 0.382683
644	 340.082	 1	 0
652	 341.7	 0.92388	 0.382683
660	 342.361	 1	 0
668	 342.553	 1	 0
882.304	 402.626	 -0.382683	 0.92388
879.334	 410.431	 -0.382683	 0.92388
876.948	 418.478	 -0.382683	 0.92388
874.641	 427	 0.382683	 0.92388
873.928	 435	 6.12303e-017	 1
872.886	 443	 -0.382683	 0.92388
871.554	 451	 6.12303e-017	 1
868.521	 459.509	 -0.707107	 0.707107
861.628	 464.81	 -0.92388	 0.382683
853.511	 467.027	 -0.92388	 0.382683
239	 364.489	 -1	 1.22461e-016
231.168	 363.594	 -1	 1.22461e-016
223	 362.685	 -1	 1.22461e-016
215	 361.775	 -1	 1.22461e-016
207	 361.486	 -1	 1.22461e-016
341	 369.369	 -1	 1.22461e-016
333	 370.305	 -1	 1.22461e-016
325	 370.923	 -0.92388	 0.382683
317	 372.345	 -0.92388	 0.382683
201	 361.331	 -1	 1.22461e-016
193	 361.321	 -1	 1.22461e-016
185	 361.484	 -1	 1.22461e-016
177	 361.85	 -1	 1.22461e-016
169	 362.417	 -0.92388	 0.382683
567	 341.114	 0.92388	 -0.382683
575.609	 338.262	 0.92388	 -0.382683
584.02	 335.549	 0.92388	 -0.382683
591.824	 333.076	 0.92388	 -0.382683
600	 331.907	 1	 0
670	 342.563	 1	 0
678	 341.981	 1	 0
686	 341.137	 1	 0
695	 339.566	 1	 0
703	 339.073	 1	 0
711	 339.669	 1	 0
719.368	 341.819	 0.92388	 0.382683
728.026	 343.436	 0.92388	 0.382683
736	 348.343	 0.92388	 0.382683
743.971	 352.069	 0.92388	 0.382683
752.098	 355.764	 0.92388	 0.382683
760	 358.6	 0.92388	 0.382683
767.401	 361.637	 0.92388	 0.382683
253.616	 549.452	 0.707107	 0.707107
249.478	 542.009	 0.382683	 0.92388
487	 365	 1	 0
495.14	 362.338	 0.92388	 -0.382683
503.003	 360.008	 0.92388	 -0.382683
511.037	 357.089	 0.92388	 -0.382683
519.094	 353.726	 0.92388	 -0.382683
526.922	 350.811	 0.92388	 -0.382683
534.953	 348.387	 1	 0
543	 347.867	 1	 0
551	 346.6	 1	 0
559.559	 346.143	 0.92388	 -0.382683
109.928	 356.675	 -0.92388	 -0.382683
101.983	 353.041	 -0.92388	 -0.382683
93.9827	 349.542	 -0.707107	 -0.707107
86.9655	 346.083	 -0.92388	 -0.382683
79.0242	 342.044	 -0.92388	 -0.382683
72.4791	 338.051	 -0.707107	 -0.707107
66.0486	 332.951	 -0.707107	 -0.707107
60.875	 329.125	 -0.707107	 -0.707107
55.2346	 324.152	 -0.382683	 -0.92388
311	 373.6	 -1	 1.22461e-016
303	 373.515	 -1	 1.22461e-016
295	 373.198	 -1	 1.22461e-016
287	 372.449	 -1	 1.22461e-016
278.885	 371.278	 -1	 1.22461e-016
384.333	 461.333	 -0.382683	 0.92388
388.502	 454.501	 -0.382683	 0.92388
392.807	 446.92	 -0.382683	 0.92388
397.044	 439.018	 -0.382683	 0.92388
399.592	 431.538	 -0.382683	 0.92388
402.103	 424.043	 -0.382683	 0.92388
406.756	 416.756	 -0.707107	 0.707107
411.033	 412.033	 -0.707107	 0.707107
414.981	 407.981	 -0.707107	 0.707107
419.005	 404.013	 -0.707107	 0.707107
393	 367.455	 -1	 1.22461e-016
385	 367.634	 -1	 1.22461e-016
377	 367.962	 -1	 1.22461e-016
369	 368.276	 -1	 1.22461e-016
361	 368.8	 -1	 1.22461e-016
353	 369.028	 -1	 1.22461e-016
345	 369.014	 -1	 1.22461e-016
663.177	 376.366	 -0.382683	 0.92388
659.899	 384.458	 -0.382683	 0.92388
654.521	 390.508	 -0.707107	 0.707107
649.897	 396.957	 -0.382683	 0.92388
644.917	 403.917	 -0.92388	 0.382683
637.581	 402.306	 -0.92388	 -0.382683
629.418	 400.699	 -0.92388	 -0.382683
622	 398.571	 -1	 1.22461e-016
736	 485.159	 1	 0
728	 485.725	 1	 0
720	 485.823	 1	 0
712	 485.058	 1	 0
704	 483.795	 1	 0
696	 482.84	 1	 0
688	 483.168	 1	 0
680	 484.303	 1	 0
672.181	 485.936	 0.92388	 -0.382683
664	 487.74	 1	 0
656	 488.875	 1	 0
648	 489.749	 1	 0
640	 490.174	 1	 0
632	 490.596	 1	 0
694.633	 406	 6.12303e-017	 1
695.45	 414	 0.382683	 0.92388
697.805	 421.581	 0.382683	 0.92388
459.95	 389.878	 -0.92388	 0.382683
468.047	 386.114	 -0.92388	 0.382683
473.527	 381.527	 -0.707107	 0.707107
478.899	 374.958	 0.382683	 -0.92388
484.564	 367.564	 0.707107	 -0.707107
158.795	 401.585	 0.382683	 0.92388
163.136	 408.944	 0.382683	 0.92388
168.29	 415.71	 0.382683	 0.92388
172.383	 422.048	 0.382683	 0.92388
176.667	 428.931	 0.382683	 0.92388
180.346	 435.857	 0.382683	 0.92388
529.433	 427	 6.12303e-017	 1
528.901	 435	 6.12303e-017	 1
524.976	 441.976	 -0.707107	 0.707107
521.255	 448.399	 -0.382683	 0.92388
518.077	 456.532	 -0.382683	 0.92388
514.948	 464.478	 -0.707107	 0.707107
511.07	 469.07	 -0.707107	 0.707107
507.338	 475.433	 -0.382683	 0.92388
507.371	 482.848	 0.382683	 0.92388
502.6	 490.041	 -0.382683	 0.92388
565.729	 430.905	 0.707107	 0.707107
565.721	 423	 6.12303e-017	 1
566.348	 415	 -0.382683	 0.92388
567.676	 406.573	 -0.382683	 0.92388
570.149	 399.149	 -0.382683	 0.92388
575.146	 391.353	 -0.382683	 0.92388
577.798	 383.624	 -0.382683	 0.92388
579.8	 377	 -1.83691e-016	 -1
582.023	 369.509	 0.382683	 -0.92388
699.446	 430.022	 0.382683	 0.92388
705.233	 435.767	 0.707107	 0.707107
851.607	 467.757	 -0.92388	 0.382683
846.235	 473.848	 -0.382683	 0.92388
706.292	 437.708	 0.92388	 0.382683
714.358	 439.342	 0.92388	 0.382683
810.396	 585.75	 0.92388	 0.382683
803.491	 583.521	 1	 0
796	 581.955	 0.92388	 0.382683
788	 582.22	 1	 0
779.594	 582.728	 0.92388	 -0.382683
772.428	 585.327	 0.92388	 -0.382683
552	 429.272	 1	 0
560	 430.704	 1	 0
115.016	 467.039	 -0.92388	 0.382683
107	 466.681	 -1	 1.22461e-016
99.5832	 464.901	 -0.92388	 -0.382683
91.8677	 460.819	 -0.92388	 -0.382683
84.926	 456.179	 -1	 1.22461e-016
77	 454.536	 -0.92388	 -0.382683
380.468	 475.987	 -0.707107	 0.707107
381.554	 468.022	 -0.382683	 0.92388
261.94	 487	 6.12303e-017	 1
261.854	 479	 6.12303e-017	 1
261.548	 471.02	 6.12303e-017	 1
263.425	 463.469	 -0.382683	 0.92388
264.794	 456	 6.12303e-017	 1
265.166	 448.069	 -0.382683	 0.92388
267.946	 440.685	 -0.382683	 0.92388
271.081	 432.826	 -0.382683	 0.92388
271.966	 425	 6.12303e-017	 1
272.114	 417	 6.12303e-017	 1
274.526	 410.011	 -0.382683	 0.92388
276.728	 402.094	 -0.382683	 0.92388
279.78	 394	 6.12303e-017	 1
279.934	 386.027	 0.382683	 0.92388
276.782	 379	 0.382683	 0.92388
624.491	 488.735	 0.92388	 0.382683
619.067	 484.933	 0.707107	 0.707107
613.276	 478.724	 0.707107	 0.707107
607.712	 472.288	 0.707107	 0.707107
602.341	 465.323	 0.707107	 0.707107
596.899	 459.101	 0.707107	 0.707107
591.825	 453.072	 0.382683	 0.92388
586.972	 447.028	 0.707107	 0.707107
581.797	 441.203	 0.707107	 0.707107
574.981	 436.046	 0.92388	 0.382683
566.903	 432.097	 0.92388	 0.382683
441.841	 666.066	 0.707107	 0.707107
448.114	 670.225	 0.92388	 0.382683
455.942	 673.641	 0.92388	 0.382683
463.92	 676.192	 0.92388	 0.382683
471.999	 678.003	 1	 0
480	 679.986	 0.92388	 0.382683
244	 535.51	 1	 0
236.444	 533.635	 0.92388	 0.382683
228.938	 530.649	 0.92388	 0.382683
222.299	 526.529	 0.707107	 0.707107
216.5	 521	 0.382683	 0.92388
209.556	 515.365	 -0.707107	 -0.707107
203.833	 508.362	 -0.382683	 -0.92388
201.083	 501	 -0.382683	 -0.92388
195.097	 494.903	 -0.707107	 -0.707107
192.485	 487.756	 -1.83691e-016	 -1
181.164	 439.932	 0.382683	 0.92388
184.19	 447.128	 0.382683	 0.92388
187.04	 454.483	 0.382683	 0.92388
188.952	 462	 6.12303e-017	 1
190.454	 470	 6.12303e-017	 1
191.358	 477.852	 6.12303e-017	 1
189.444	 484.977	 -0.382683	 0.92388
291.5	 626.5	 0.92388	 0.382683
287.254	 618.395	 0.382683	 0.92388
283.804	 610.874	 0.382683	 0.92388
281.704	 603	 0.382683	 0.92388
187.341	 514.566	 0.382683	 0.92388
191.928	 520.072	 0.707107	 0.707107
196.944	 525.056	 0.707107	 0.707107
201.183	 530.631	 0.382683	 0.92388
206.268	 537.732	 0.707107	 0.707107
212.028	 543.972	 0.382683	 0.92388
216.583	 550.965	 0.707107	 0.707107
224.948	 550.875	 0.92388	 -0.382683
327	 626.836	 1	 0
319	 626.503	 1	 0
311	 627.056	 1	 0
129.65	 565	 0.382683	 0.92388
135.912	 569.712	 0.92388	 0.382683
142.942	 574.139	 0.92388	 0.382683
148.873	 579.127	 0.707107	 0.707107
155.965	 584.035	 0.707107	 0.707107
162.999	 588.002	 0.92388	 0.382683
170.994	 591.515	 0.92388	 0.382683
179.036	 595.414	 0.92388	 0.382683
186.979	 599.05	 0.92388	 0.382683
195.072	 603.326	 0.92388	 0.382683
202.93	 607.169	 0.92388	 0.382683
383.686	 502	 6.12303e-017	 1
383.633	 494	 6.12303e-017	 1
382.876	 486	 -0.382683	 -0.92388
381.011	 478.495	 -0.382683	 -0.92388
347.127	 632.194	 0.92388	 0.382683
338.859	 629.84	 0.92388	 0.382683
331	 627.493	 0.92388	 0.382683
900.494	 487.485	 -1	 1.22461e-016
909.011	 485.528	 -1	 1.22461e-016
917.196	 482.37	 -0.92388	 0.382683
925.161	 478.889	 -0.92388	 0.382683
933.007	 475.018	 -0.92388	 0.382683
941.017	 471.041	 -0.92388	 0.382683
949	 467.835	 1	 0
956.925	 464.318	 0.92388	 -0.382683
965.599	 461.738	 0.92388	 -0.382683
973.11	 457.767	 0.92388	 -0.382683
981.032	 453.577	 0.92388	 -0.382683
988.534	 449.082	 0.92388	 -0.382683
996.168	 445.405	 0.92388	 -0.382683
1004.48	 443.444	 0.92388	 -0.382683
1013.16	 440.878	 0.707107	 -0.707107
1015.95	 434	 -1.83691e-016	 -1
1015.95	 426	 -1.83691e-016	 -1
373.147	 643.145	 0.92388	 0.382683
364.836	 639.896	 0.92388	 0.382683
357.095	 636.271	 0.92388	 0.382683
349.012	 632.97	 0.92388	 0.382683
484.002	 681.494	 0.92388	 0.382683
492.192	 684.036	 0.92388	 0.382683
500.009	 687.477	 0.92388	 0.382683
566.898	 800.665	 0.382683	 -0.92388
571.663	 792.567	 0.382683	 -0.92388
575.521	 785.509	 0.382683	 -0.92388
579.262	 777.402	 0.382683	 -0.92388
583.556	 769.523	 0.707107	 -0.707107
835.838	 583.838	 0.382683	 -0.92388
828	 585.732	 1	 0
785.771	 631.405	 -1.83691e-016	 -1
791.286	 622.911	 0.382683	 -0.92388
795.607	 616.337	 0.382683	 -0.92388
799.58	 609.58	 0.707107	 -0.707107
804.515	 603.006	 0.382683	 -0.92388
809.143	 596.059	 0.382683	 -0.92388
614	 647.205	 1	 0
606.039	 651.094	 0.92388	 -0.382683
598	 653.736	 1	 0
590	 653.801	 1	 0
582	 653.749	 1	 0
574.52	 653.48	 0.92388	 0.382683
568.317	 647.683	 0.382683	 0.92388
583.596	 586.269	 -0.92388	 -0.382683
574.957	 584.604	 -0.92388	 -0.382683
567.632	 581.282	 -0.92388	 -0.382683
562.928	 576.072	 -0.707107	 -0.707107
558.083	 570.917	 -0.707107	 -0.707107
553.08	 564.92	 -0.707107	 -0.707107
548.008	 559.992	 -0.707107	 -0.707107
645	 651.894	 1	 0
637	 652.166	 1	 0
628.497	 651.508	 0.92388	 0.382683
619.824	 648.425	 0.92388	 0.382683
205.115	 608.222	 0.92388	 0.382683
212.923	 611.685	 0.92388	 0.382683
221.009	 614.979	 0.92388	 0.382683
228.955	 618.108	 0.92388	 0.382683
236.946	 621.13	 0.92388	 0.382683
245.019	 623.953	 0.92388	 0.382683
253.023	 626.445	 0.92388	 0.382683
503.309	 689.668	 0.707107	 0.707107
510.02	 694.98	 0.707107	 0.707107
516.14	 699.86	 0.707107	 0.707107
523.059	 704.357	 0.92388	 0.382683
530.141	 709.161	 0.92388	 0.382683
537.957	 713.104	 0.92388	 0.382683
543.985	 718.015	 0.707107	 0.707107
548.784	 722.216	 0.707107	 0.707107
554.385	 728.341	 0.382683	 0.92388
559.684	 735.131	 0.382683	 0.92388
563.696	 741.419	 0.382683	 0.92388
568.588	 748.464	 0.707107	 0.707107
573.545	 753.455	 0.92388	 0.382683
580.513	 758.969	 0.92388	 0.382683
675	 654.309	 1	 0
667	 654.682	 1	 0
241.664	 782.336	 0.707107	 0.707107
249.227	 786	 0.92388	 0.382683
257	 786.476	 1	 0
265	 788.284	 1	 0
273.116	 790.22	 0.92388	 0.382683
259	 627.405	 1	 0
267	 627.634	 1	 0
275	 627.974	 1	 0
283	 627.962	 1	 0
336.848	 791.823	 0.92388	 0.382683
344.998	 794.005	 0.92388	 0.382683
352.991	 796.523	 0.92388	 0.382683
361	 797.915	 1	 0
369	 799.304	 0.92388	 0.382683
376.948	 801.625	 0.92388	 0.382683
385.043	 804.896	 0.92388	 0.382683
361.169	 736	 6.12303e-017	 1
361.506	 728	 6.12303e-017	 1
309	 627.223	 1	 0
301	 627.191	 1	 0
293.096	 627.268	 1	 0
362.287	 720.088	 0.382683	 0.92388
355.531	 714.925	 0.92388	 0.382683
348.022	 710.491	 0.707107	 0.707107
344.499	 702.5	 0.382683	 0.92388
341.835	 694.861	 0.382683	 0.92388
341.956	 686.482	 -0.382683	 0.92388
342.916	 679	 6.12303e-017	 1
343.944	 671	 -0.382683	 0.92388
341.339	 663.567	 0.382683	 0.92388
338.441	 656	 6.12303e-017	 1
339.632	 648	 6.12303e-017	 1
339.758	 640	 -1.83691e-016	 -1
89.0833	 675.535	 6.12303e-017	 1
92.2054	 684.122	 0.382683	 0.92388
98.0387	 690.961	 0.707107	 0.707107
680.454	 706.388	 1	 0
688.541	 706.1	 0.92388	 -0.382683
697.585	 705.206	 1	 0
706.03	 704.073	 1	 0
663.087	 654.29	 0.92388	 0.382683
655	 652.854	 1	 0
647	 652.007	 1	 0
878.353	 665	 6.12303e-017	 1
874.936	 672.974	 -0.382683	 0.92388
873.018	 681.007	 6.12303e-017	 1
874.554	 689	 6.12303e-017	 1
876.825	 696.865	 6.12303e-017	 1
880.536	 704.985	 0.382683	 0.92388
885.833	 711.862	 0.382683	 0.92388
890.541	 718.983	 0.382683	 0.92388
894.012	 726.995	 0.382683	 0.92388
896	 735	 6.12303e-017	 1
114	 700.557	 1	 0
122	 700.557	 1	 0
130	 700.557	 1	 0
137.972	 700.069	 0.92388	 0.382683
145.586	 703.292	 0.92388	 0.382683
152.053	 707.947	 0.707107	 0.707107
157.1	 712.9	 0.707107	 0.707107
162.214	 718.786	 0.382683	 0.92388
166.315	 725.077	 0.382683	 0.92388
171.635	 732.444	 0.707107	 0.707107
178.6	 737.4	 0.707107	 0.707107
184.944	 742.056	 0.707107	 0.707107
190.571	 746.329	 0.707107	 0.707107
196.085	 750.915	 0.707107	 0.707107
202.141	 755.859	 0.707107	 0.707107
208.906	 761.094	 0.707107	 0.707107
215.299	 765.984	 0.92388	 0.382683
223.176	 769.579	 0.92388	 0.382683
227.414	 774.414	 0.707107	 0.707107
234	 778.781	 0.92388	 0.382683
711.924	 702.316	 0.92388	 -0.382683
719.559	 700.141	 1	 0
727.617	 697.283	 0.92388	 -0.382683
735.442	 693.359	 0.92388	 -0.382683
742.485	 688.964	 0.92388	 -0.382683
748.107	 684.107	 0.707107	 -0.707107
754.548	 678.616	 0.707107	 -0.707107
760.672	 672.672	 0.707107	 -0.707107
766.85	 666.85	 0.707107	 -0.707107
772.584	 660.584	 0.707107	 -0.707107
777.282	 654.41	 0.382683	 -0.92388
780.96	 646.483	 0.382683	 -0.92388
784.555	 639.523	 0.382683	 -0.92388
463.161	 843.611	 0.92388	 0.382683
471.492	 846.518	 0.92388	 0.382683
479.58	 849.307	 1	 0
488	 850.011	 1	 0
496	 850.981	 0.92388	 0.382683
504.102	 853.753	 0.92388	 0.382683
511.996	 856.011	 1	 0
881.87	 771.87	 -0.707107	 0.707107
876.67	 779.07	 -0.382683	 0.92388
873	 787	 -0.382683	 0.92388
870.712	 795	 -0.382683	 0.92388
868.902	 803	 6.12303e-017	 1
867.667	 811	 6.12303e-017	 1
866.294	 819	 -0.382683	 0.92388
865.595	 827	 6.12303e-017	 1
818.932	 711.972	 -0.382683	 0.92388
821.741	 705.1	 -0.382683	 0.92388
823.712	 697	 -0.382683	 0.92388
825.278	 689.115	 -0.382683	 0.92388
826.638	 681.057	 -0.382683	 0.92388
827.917	 672.965	 -0.382683	 0.92388
829.052	 665.021	 6.12303e-017	 1
830.438	 656.974	 -0.382683	 0.92388
832.291	 649	 -0.382683	 0.92388
834.157	 640.858	 -0.382683	 0.92388
836.263	 632.902	 -0.382683	 0.92388
838.116	 625	 6.12303e-017	 1
839.002	 617	 6.12303e-017	 1
839.204	 609	 6.12303e-017	 1
838.559	 601	 6.12303e-017	 1
837.359	 593	 -1.83691e-016	 -1
159.019	 755.981	 0.92388	 0.382683
167	 757.814	 1	 0
175.139	 760.165	 0.92388	 0.382683
183.071	 762.828	 0.92388	 0.382683
191	 764.562	 1	 0
199.085	 766.794	 0.92388	 0.382683
207.066	 769.841	 0.92388	 0.382683
277	 791.5	 0.92388	 0.382683
285	 792.945	 1	 0
293	 793.124	 1	 0
301	 792.683	 1	 0
309	 792.246	 1	 0
317	 791.215	 1	 0
325	 790.889	 1	 0
333	 790.819	 1	 0
896.39	 737	 6.12303e-017	 1
895.633	 745	 -0.382683	 0.92388
893.194	 752.873	 -0.382683	 0.92388
889.185	 760.576	 -0.382683	 0.92388
885.037	 767.037	 -0.382683	 0.92388
212.948	 772.627	 0.92388	 0.382683
220.848	 775.474	 0.92388	 0.382683
673.132	 753.32	 -1	 1.22461e-016
679.128	 748.128	 -0.707107	 0.707107
683.901	 742.901	 -0.707107	 0.707107
689.799	 736.799	 -0.92388	 0.382683
695.959	 732.959	 -0.707107	 0.707107
701.781	 727.577	 -0.92388	 0.382683
708.666	 724	 -0.707107	 0.707107
712.88	 717.657	 0.382683	 -0.92388
715.583	 710.535	 0.382683	 -0.92388
730.727	 803.727	 -0.707107	 0.707107
735.541	 797.517	 -0.382683	 0.92388
741.119	 791.119	 -0.707107	 0.707107
744.974	 786.974	 -0.707107	 0.707107
750.55	 780.55	 -0.707107	 0.707107
755.436	 775.436	 -0.707107	 0.707107
760.935	 769.935	 -0.707107	 0.707107
766.573	 764.573	 -0.707107	 0.707107
182.588	 802.212	 -0.92388	 0.382683
189.045	 796.019	 -0.382683	 0.92388
193.075	 790.075	 -0.707107	 0.707107
198.118	 784.118	 0.707107	 -0.707107
204.433	 779.338	 0.92388	 -0.382683
211.017	 775.54	 0.92388	 -0.382683
493.881	 877.158	 0.382683	 -0.92388
492.57	 885	 -1.83691e-016	 -1
493.515	 893	 6.12303e-017	 1
494.946	 901.023	 6.12303e-017	 1
496.614	 908.953	 6.12303e-017	 1
497.715	 917	 6.12303e-017	 1
497.525	 925	 6.12303e-017	 1
495.102	 933.042	 -0.382683	 0.92388
488.188	 937.28	 -1	 1.22461e-016
480	 938.004	 -1	 1.22461e-016
472	 937.996	 -1	 1.22461e-016
464	 938	 -1	 1.22461e-016
456	 937.992	 -1	 1.22461e-016
558.052	 810.052	 0.707107	 -0.707107
562.565	 805.565	 0.707107	 -0.707107
506.208	 798.414	 0.382683	 0.92388
507.978	 805.509	 6.12303e-017	 1
505.916	 813.672	 -0.707107	 0.707107
500.194	 817.42	 -0.92388	 0.382683
493.622	 821.795	 -0.92388	 0.382683
669.779	 783.092	 -0.382683	 -0.92388
669.76	 775	 -1.83691e-016	 -1
669.745	 767	 -1.83691e-016	 -1
672.465	 759	 -1.83691e-016	 -1
391.042	 807.399	 0.92388	 0.382683
397.921	 812.079	 0.707107	 0.707107
403.083	 815.917	 0.707107	 0.707107
409.003	 819.992	 0.92388	 0.382683
416.982	 824.543	 0.92388	 0.382683
423.165	 828.603	 0.707107	 0.707107
430.975	 833.06	 0.92388	 0.382683
438.955	 836.61	 0.92388	 0.382683
447.009	 838.978	 0.92388	 0.382683
455.114	 841.226	 0.92388	 0.382683
381.878	 852.122	 0.707107	 0.707107
387.93	 857.07	 0.707107	 0.707107
395.009	 860.979	 0.92388	 0.382683
401.317	 866.124	 0.92388	 0.382683
865.4	 835	 6.12303e-017	 1
865.824	 842.866	 0.382683	 0.92388
867.563	 851	 0.382683	 0.92388
868.7	 859	 6.12303e-017	 1
870.765	 866.848	 6.12303e-017	 1
865.586	 873.414	 -0.707107	 0.707107
859.305	 878.305	 -0.707107	 0.707107
853.463	 884.12	 -0.707107	 0.707107
847.806	 889.777	 -0.707107	 0.707107
842.149	 895.433	 -0.707107	 0.707107
836.492	 901.09	 -0.707107	 0.707107
830.835	 906.747	 -0.707107	 0.707107
517.985	 854.964	 0.707107	 -0.707107
523.04	 849.04	 0.707107	 -0.707107
528.139	 843.139	 0.707107	 -0.707107
533.37	 837.37	 0.707107	 -0.707107
537.817	 831.817	 0.707107	 -0.707107
543.289	 825.289	 0.707107	 -0.707107
549.021	 819.021	 0.707107	 -0.707107
552.937	 814.937	 0.707107	 -0.707107
557.048	 811.048	 0.707107	 -0.707107
644.061	 844.853	 1	 0
652	 844.666	 1	 0
660	 844.839	 1	 0
668	 845.803	 1	 0
675.601	 847.257	 0.92388	 0.382683
683.23	 850.953	 -1	 1.22461e-016
690.501	 848.503	 -0.92388	 0.382683
697.091	 842.091	 -0.707107	 0.707107
703.286	 836.286	 -0.707107	 0.707107
708.857	 829.857	 -0.707107	 0.707107
713.999	 823.999	 -0.707107	 0.707107
719.055	 818.055	 -0.707107	 0.707107
724.424	 811.424	 -0.707107	 0.707107
729.451	 805.451	 -0.707107	 0.707107
829.421	 908.161	 -0.707107	 0.707107
823.764	 913.818	 -0.707107	 0.707107
835	 841.5	 1	 0
827	 840.865	 1	 0
818.95	 839.12	 0.92388	 0.382683
812.02	 834.452	 -0.92388	 -0.382683
803.969	 832.575	 -1	 1.22461e-016
796	 832.923	 -1	 1.22461e-016
788.541	 834.599	 -0.92388	 0.382683
781.645	 838.349	 -0.92388	 0.382683
776.783	 845.617	 -0.382683	 0.92388
772.59	 853.537	 -0.382683	 0.92388
768.989	 861.496	 -0.382683	 0.92388
402.465	 868.583	 1	 0
410	 868.403	 1	 0
418	 867.975	 1	 0
557	 865.241	 -1	 1.22461e-016
564.969	 864.925	 -1	 1.22461e-016
573.458	 863.399	 -0.92388	 0.382683
582	 861.396	 -1	 1.22461e-016
589.927	 859.824	 -0.92388	 0.382683
598.42	 858.307	 -1	 1.22461e-016
607.49	 856.476	 -1	 1.22461e-016
615.39	 854.234	 -0.92388	 0.382683
624	 851.566	 0.92388	 -0.382683
631.495	 848.987	 0.92388	 -0.382683
639.591	 846.721	 0.92388	 -0.382683
426	 869.474	 1	 0
435.494	 870.486	 0.92388	 -0.382683
443.547	 870.114	 0.92388	 -0.382683
452	 869.799	 1	 0
460	 868.962	 1	 0
468	 868.083	 1	 0
474	 874.229	 -1	 1.22461e-016
482	 874.494	 1	 0
490	 874.745	 1	 0
324.481	 900	 0.382683	 -0.92388
325.893	 907.837	 -0.382683	 -0.92388
620.23	 895.595	 6.12303e-017	 1
627.967	 899.08	 1	 0
635.641	 901.16	 0.92388	 0.382683
302	 897.813	 1	 0
294	 897.481	 1	 0
286	 898.046	 1	 0
277.935	 899.844	 0.92388	 -0.382683
270	 902.227	 -1	 1.22461e-016
262.455	 905.392	 -0.92388	 0.382683
254.512	 909.029	 -0.92388	 0.382683
247.076	 914.182	 -0.92388	 0.382683
240.826	 918.826	 -0.707107	 0.707107
234.872	 922.872	 -1	 1.22461e-016
344.076	 918.076	 -0.707107	 0.707107
350.484	 911.961	 -0.92388	 0.382683
358.132	 910.215	 -0.92388	 0.382683
365	 906.063	 -0.92388	 0.382683
373.683	 904.941	 -1	 1.22461e-016
328.361	 913.442	 -1.83691e-016	 -1
328.046	 921.889	 -0.707107	 -0.707107
335.142	 924.344	 -1	 1.22461e-016
341.716	 920.545	 -0.707107	 0.707107
643	 903.95	 0.92388	 -0.382683
649.291	 899.291	 0.92388	 -0.382683
655.827	 893.827	 0.707107	 -0.707107
661.858	 887.858	 0.707107	 -0.707107
666.864	 881.864	 0.707107	 -0.707107
670.8	 876.8	 0.707107	 -0.707107
674.809	 871.809	 0.707107	 -0.707107
680.07	 866.07	 0.707107	 -0.707107
683.241	 859.6	 0.382683	 -0.92388
375.683	 904.941	 -0.92388	 0.382683
383.348	 902.188	 -0.92388	 0.382683
390.444	 898.444	 -0.707107	 0.707107
395.891	 892.891	 -0.707107	 0.707107
399.854	 885.939	 0.707107	 -0.707107
405.116	 880.048	 0.382683	 -0.92388
402.588	 873.82	 -0.92388	 -0.382683
104	 696	 0.707107	 0.707107
110	 700.557	 1	 0
145.455	 737.018	 0.382683	 0.92388
150.125	 743.948	 0.382683	 0.92388
155.536	 750.485	 0.382683	 0.92388
169.515	 808.537	 -0.92388	 0.382683
177.024	 804.558	 -0.92388	 0.382683
172.25	 281	 -0.382683	 0.92388
174.75	 272.396	 -1.83691e-016	 -1
174.938	 264	 -1.83691e-016	 -1
174.5	 255.5	 -0.92388	 -0.382683
222.055	 675	 6.12303e-017	 1
222.23	 683	 6.12303e-017	 1
223.994	 690.502	 0.382683	 0.92388
227.389	 697.546	 0.382683	 0.92388
231.174	 705	 6.12303e-017	 1
232.252	 713	 6.12303e-017	 1
232.601	 721	 6.12303e-017	 1
233.559	 729	 6.12303e-017	 1
234.636	 737	 0.382683	 0.92388
236.343	 744	 6.12303e-017	 1
237.465	 752	 6.12303e-017	 1
238.102	 760	 0.382683	 0.92388
240.11	 767.954	 0.382683	 0.92388
242.056	 775.977	 0.382683	 0.92388
280.05	 595.479	 0.382683	 0.92388
276.433	 588.028	 0.382683	 0.92388
272.462	 581.516	 0.382683	 0.92388
267.735	 574.403	 0.707107	 0.707107
263.494	 566.503	 0.382683	 0.92388
259.225	 558.614	 0.382683	 0.92388
255.033	 550.967	 0.707107	 0.707107
423.966	 400.419	 -0.92388	 0.382683
431.07	 396.169	 -0.92388	 0.382683
439	 393.546	 -1	 1.22461e-016
447	 393.014	 -1	 1.22461e-016
454.447	 391.872	 -0.92388	 0.382683
386.15	 400	 6.12303e-017	 1
385.659	 392	 -0.382683	 0.92388
387.264	 384	 -1.83691e-016	 -1
389.683	 376.576	 0.382683	 -0.92388
470.2	 254.083	 -0.382683	 0.92388
463.025	 257.56	 -0.92388	 0.382683
455.55	 261.12	 -0.92388	 0.382683
447.994	 264.486	 -1	 1.22461e-016
440	 264.054	 -1	 1.22461e-016
432	 262.556	 -1	 1.22461e-016
424	 262.056	 -1	 1.22461e-016
508.444	 247.023	 0.382683	 0.92388
513.81	 253.241	 0.382683	 0.92388
514.5	 262	 -0.382683	 0.92388
510.572	 270.03	 -0.382683	 0.92388
506.019	 277.508	 -0.382683	 0.92388
501.446	 283.978	 -0.382683	 0.92388
496.913	 290.913	 -0.707107	 0.707107
473.986	 319.994	 -0.707107	 0.707107
469.531	 325.531	 -0.707107	 0.707107
464.704	 333.084	 -0.382683	 0.92388
459.702	 339.702	 -0.707107	 0.707107
453.959	 344.959	 -0.707107	 0.707107
448.179	 350.179	 -0.92388	 0.382683
440.833	 354.098	 -0.92388	 0.382683
433.083	 357.699	 -0.92388	 0.382683
425.009	 360.521	 -0.92388	 0.382683
416.933	 363.339	 -0.92388	 0.382683
409	 364.796	 -1	 1.22461e-016
401.016	 366.039	 -1	 1.22461e-016
465.429	 418	 6.12303e-017	 1
463.655	 425.564	 -0.382683	 0.92388
458.22	 432.22	 -0.707107	 0.707107
451.501	 436.502	 -0.92388	 0.382683
447.188	 442.188	 -0.707107	 0.707107
443.417	 450.466	 6.12303e-017	 1
440.183	 457.369	 -0.382683	 0.92388
435.933	 465.472	 -0.382683	 0.92388
432.728	 473.095	 -0.382683	 0.92388
428.67	 480.071	 -0.382683	 0.92388
428.043	 488	 0.382683	 0.92388
430.227	 495	 -0.382683	 0.92388
511.803	 425.803	 0.92388	 -0.382683
520	 424.666	 1	 0
565.257	 642.6	 0.382683	 0.92388
563.464	 635	 6.12303e-017	 1
563.522	 627	 6.12303e-017	 1
563.814	 619.37	 6.12303e-017	 1
561.012	 612.988	 0.707107	 0.707107
554	 609.571	 1	 0
545.497	 606.507	 -0.707107	 -0.707107
539.001	 600.999	 -0.707107	 -0.707107
534.428	 594.53	 -0.382683	 -0.92388
530.664	 588.432	 -0.382683	 -0.92388
528.821	 581	 -0.382683	 -0.92388
525.313	 641	 0.382683	 0.92388
526.795	 650	 6.12303e-017	 1
526.104	 658.043	 -0.382683	 0.92388
523.837	 664.932	 -0.382683	 0.92388
518.792	 671.792	 -0.707107	 0.707107
512.879	 677.879	 -0.707107	 0.707107
506.491	 683.491	 -0.382683	 0.92388
592.949	 302	 0.382683	 0.92388
595.136	 309	 0.382683	 0.92388
597.134	 316.151	 0.382683	 0.92388
599.586	 323.965	 0.382683	 0.92388
744.365	 912.944	 -0.382683	 0.92388
738.072	 919.072	 -0.92388	 0.382683
730.994	 923.994	 -0.707107	 0.707107
726.574	 929.574	 -0.92388	 0.382683
686.057	 896	 6.12303e-017	 1
685.256	 904	 6.12303e-017	 1
684.011	 912	 -0.382683	 0.92388
681.595	 920.539	 -0.382683	 0.92388
679.661	 928.567	 -0.382683	 0.92388
679.083	 936	 6.12303e-017	 1
796.433	 398.528	 0.382683	 0.92388
801.671	 404.088	 0.707107	 0.707107
807.639	 410.018	 0.707107	 0.707107
814.414	 413.207	 0.92388	 0.382683
716.206	 440.107	 0.92388	 0.382683
723.39	 444.766	 0.92388	 0.382683
729.473	 449.527	 0.382683	 0.92388
730.436	 457	 -0.382683	 0.92388
729.047	 465	 6.12303e-017	 1
731.519	 472.492	 0.382683	 0.92388
735.655	 480.143	 0.382683	 0.92388
769.64	 761.64	 -0.707107	 0.707107
775.625	 755.802	 -0.92388	 0.382683
782.008	 750.519	 -0.92388	 0.382683
789.434	 745.434	 -0.92388	 0.382683
795.615	 739.615	 -0.707107	 0.707107
801.082	 735.082	 -0.707107	 0.707107
806.747	 728.747	 -0.707107	 0.707107
812.117	 722.117	 -0.382683	 0.92388
816.605	 715.605	 -0.707107	 0.707107
764.995	 586.511	 1	 0
757.886	 582.276	 1	 0
750	 581.296	 0.92388	 0.382683
742.538	 577.908	 0.92388	 0.382683
734.982	 573.543	 0.92388	 0.382683
727	 571.056	 1	 0
719	 571.453	 1	 0
711	 571.013	 1	 0
703	 569.344	 1	 0
695	 568.339	 1	 0
687	 567.167	 1	 0
679	 566.346	 1	 0
671	 565.819	 1	 0
663	 566.947	 1	 0
655	 568.179	 0.92388	 -0.382683
647.545	 571.61	 -0.92388	 0.382683
640.461	 574.905	 -0.92388	 0.382683
633.413	 579.291	 -0.92388	 0.382683
626.021	 583.55	 -0.92388	 0.382683
619.031	 586.075	 -0.92388	 0.382683
611.466	 588.418	 -0.92388	 0.382683
603	 590.446	 -1	 1.22461e-016
595	 589.231	 -1	 1.22461e-016
587.088	 587.288	 -0.92388	 -0.382683
765.275	 868.275	 -0.382683	 0.92388
761.979	 875.491	 -0.382683	 0.92388
758.501	 883.251	 -0.382683	 0.92388
753.817	 889.924	 -0.707107	 0.707107
750.183	 897.827	 -0.382683	 0.92388
747.247	 905.602	 -0.382683	 0.92388
805.107	 349.044	 -0.382683	 0.92388
810.052	 342.625	 -0.92388	 0.382683
818.01	 340.024	 -0.92388	 0.382683
825.371	 337.688	 -0.92388	 0.382683
832.459	 334.901	 -0.92388	 0.382683
839.719	 331.719	 -0.92388	 0.382683
845.785	 325.785	 -0.707107	 0.707107
850.536	 319.015	 -0.382683	 0.92388
854.161	 311.567	 -0.382683	 0.92388
857.657	 303.565	 -0.382683	 0.92388
860.439	 294.475	 -0.382683	 0.92388
863.528	 286.512	 -0.382683	 0.92388
865.173	 278	 6.12303e-017	 1
865.167	 270	 6.12303e-017	 1
864.385	 262	 6.12303e-017	 1
862.867	 253.848	 0.382683	 0.92388
861.19	 245	 -0.382683	 0.92388
860.479	 236	 0.382683	 0.92388
859.793	 227	 0.382683	 0.92388
858.976	 219	 6.12303e-017	 1
857.923	 210	 0.382683	 0.92388
857.646	 202	 -0.382683	 0.92388
856.571	 193.678	 6.12303e-017	 1
856.259	 184.6	 6.12303e-017	 1
855.655	 176.143	 6.12303e-017	 1
854.3	 168	 6.12303e-017	 1
853.688	 160	 6.12303e-017	 1
855.125	 152	 6.12303e-017	 1
854.438	 144	 -1.83691e-016	 -1
777.194	 341.919	 6.12303e-017	 1
777.194	 349.919	 6.12303e-017	 1
776.041	 358	 6.12303e-017	 1
827.256	 862	 -1.83691e-016	 -1
828.965	 854.152	 0.382683	 -0.92388
832.714	 847.089	 0.707107	 -0.707107
849.047	 546.019	 6.12303e-017	 1
850.745	 538.101	 -0.382683	 0.92388
853.729	 529.352	 -0.707107	 0.707107
857.984	 522.993	 -0.382683	 0.92388
860.208	 514.879	 -0.382683	 0.92388
864.209	 507.38	 -0.382683	 0.92388
869.033	 502.033	 -0.382683	 0.92388
874.858	 495.858	 -0.707107	 0.707107
882.44	 490.856	 -0.92388	 0.382683
890.02	 488.049	 -0.92388	 0.382683
898	 487.2	 -1	 1.22461e-016
820	 586.929	 1	 0
812.396	 585.75	 1	 0
921.53	 604.487	 0.382683	 0.92388
926.416	 611.328	 0.382683	 0.92388
932.197	 617.918	 0.382683	 0.92388
937.557	 623.443	 0.707107	 0.707107
944.12	 628.711	 0.707107	 0.707107
950.903	 633.097	 0.707107	 0.707107
958.481	 636.545	 0.92388	 0.382683
966.573	 638.824	 1	 0
975.404	 640.232	 1	 0
983	 641.479	 1	 0
990.643	 644.154	 0.92388	 0.382683
999	 646.128	 1	 0
282	 86.1405	 -1	 1.22461e-016
290	 86.1405	 -1	 1.22461e-016
298	 86.1405	 -1	 1.22461e-016
306	 86.1405	 -1	 1.22461e-016
314	 86.1405	 -1	 1.22461e-016
322	 86.1405	 -1	 1.22461e-016
330	 86.1405	 -1	 1.22461e-016
338	 86.1405	 -1	 1.22461e-016
346	 86.1405	 -1	 1.22461e-016
354	 86.1405	 -1	 1.22461e-016
362	 86.1405	 -1	 1.22461e-016
370	 86.1405	 -0.92388	 0.382683
378	 86.0032	 -1	 1.22461e-016
386	 85.9936	 -1	 1.22461e-016
394	 85.9933	 -1	 1.22461e-016
402	 86	 -1	 1.22461e-016
410	 85.0072	 -1	 1.22461e-016
188.947	 486.978	 6.12303e-017	 1
187.053	 495	 6.12303e-017	 1
186.814	 503	 6.12303e-017	 1
186.267	 511	 6.12303e-017	 1
588	 762.826	 0.92388	 -0.382683
596.085	 758.206	 0.92388	 -0.382683
602.489	 752.474	 0.92388	 -0.382683
609.413	 747.291	 0.92388	 -0.382683
616.375	 742.199	 0.707107	 -0.707107
622.404	 737.769	 0.92388	 -0.382683
628.751	 731.751	 0.707107	 -0.707107
635.564	 726.654	 0.92388	 -0.382683
642.143	 721.346	 0.92388	 -0.382683
649.007	 716.518	 0.92388	 -0.382683
656.626	 712.805	 0.92388	 -0.382683
664.617	 709.782	 0.92388	 -0.382683
672.476	 707.443	 0.92388	 -0.382683
819.674	 410.848	 0.382683	 0.92388
818.603	 403	 6.12303e-017	 1
817.86	 395	 6.12303e-017	 1
815.956	 386.518	 0.382683	 0.92388
813.398	 378.335	 0.382683	 0.92388
810.549	 370.687	 0.382683	 0.92388
807.685	 362.63	 0.382683	 0.92388
804.679	 355	 0.382683	 0.92388
