393.364	 135.651	 6.12303e-017	 1
396.406	 127.676	 -0.707107	 0.707107
401.607	 121.607	 -0.707107	 0.707107
406.61	 113.796	 -0.382683	 0.92388
411.15	 106.15	 -0.382683	 0.92388
413	 98	 -0.382683	 0.92388
785.009	 332.979	 0.92388	 0.382683
778.247	 328.366	 0.92388	 0.382683
771.326	 323.503	 0.707107	 0.707107
765.461	 318.539	 0.707107	 0.707107
759.144	 312.856	 0.707107	 0.707107
753.592	 308.778	 0.707107	 0.707107
746.813	 304.188	 0.92388	 0.382683
740.295	 298.705	 0.707107	 0.707107
734.386	 293.614	 0.707107	 0.707107
727.9	 288.1	 0.92388	 0.382683
721.369	 282.817	 0.707107	 0.707107
713.648	 278.143	 0.92388	 0.382683
706.461	 274.595	 0.92388	 0.382683
698.5	 271.5	 0.92388	 0.382683
691.652	 268.133	 0.92388	 0.382683
684.604	 264.248	 0.92388	 0.382683
676.549	 260.381	 0.92388	 0.382683
668.904	 256.231	 0.92388	 0.382683
662.134	 250.866	 0.707107	 0.707107
656.877	 247.123	 0.707107	 0.707107
651.836	 241.164	 0.707107	 0.707107
646.934	 236.066	 0.707107	 0.707107
640.604	 229.75	 1	 0
450.586	 88.2485	 -0.707107	 -0.707107
457.902	 89.7357	 -1	 1.22461e-016
465	 95.25	 -0.92388	 -0.382683
473	 97.5	 0.707107	 0.707107
480	 100.333	 1	 0
487.056	 105.944	 0.92388	 0.382683
495.371	 108.813	 0.92388	 0.382683
502.491	 112.521	 0.92388	 0.382683
509.618	 116.214	 0.92388	 0.382683
518	 118.95	 0.92388	 0.382683
526	 121.764	 1	 0
534.139	 124.861	 0.707107	 0.707107
231	 85.5	 -0.707107	 -0.707107
239.457	 84.6481	 -1	 1.22461e-016
247.457	 84.6481	 -1	 1.22461e-016
255.457	 84.6481	 -1	 1.22461e-016
606.25	 76.3964	 -0.707107	 -0.707107
610.048	 84	 -1.83691e-016	 -1
610.279	 92	 -0.382683	 -0.92388
611.125	 100	 6.12303e-017	 1
612.625	 108	 6.12303e-017	 1
614.712	 116.412	 0.382683	 0.92388
617.15	 124.438	 0.382683	 0.92388
822.069	 337.052	 0.92388	 0.382683
816.761	 331.892	 0.707107	 0.707107
811.194	 325.919	 0.382683	 0.92388
807.949	 319.021	 0.382683	 0.92388
804	 311	 0.382683	 0.92388
798.952	 304.52	 0.382683	 0.92388
792.746	 298	 0.382683	 0.92388
788.848	 290.152	 0.382683	 0.92388
783.346	 284.064	 0.382683	 0.92388
778.55	 276.979	 0.382683	 0.92388
773.2	 269.917	 0.382683	 0.92388
768.338	 263.662	 0.707107	 0.707107
761.354	 257.019	 0.382683	 0.92388
757.536	 249.985	 0.382683	 0.92388
752.17	 242.83	 0.707107	 0.707107
746.445	 237.023	 0.707107	 0.707107
741.944	 229.023	 0.382683	 0.92388
261.894	 94.8357	 -0.707107	 -0.707107
266.5	 101	 -0.707107	 -0.707107
272.979	 105.05	 -1	 1.22461e-016
280.295	 108.248	 -0.707107	 -0.707107
283.297	 115.126	 -0.382683	 -0.92388
286.75	 122.896	 6.12303e-017	 1
290.813	 131.188	 0.382683	 0.92388
288.438	 140.474	 -0.382683	 0.92388
286	 148.5	 6.12303e-017	 1
802.583	 133.099	 -1	 1.22461e-016
809.948	 130.625	 -1	 1.22461e-016
814.25	 134.896	 0.382683	 0.92388
816.7	 142.417	 0.382683	 0.92388
820.356	 149.06	 6.12303e-017	 1
821.634	 156.402	 0.382683	 0.92388
823.931	 163.945	 0.382683	 0.92388
297.861	 91.0074	 -0.707107	 -0.707107
303.686	 96.3143	 -0.92388	 -0.382683
307.956	 102.607	 -0.707107	 -0.707107
313.586	 108.586	 -0.707107	 -0.707107
318.66	 115.34	 -0.382683	 -0.92388
323.5	 120.5	 -0.707107	 -0.707107
330.352	 126.357	 -0.92388	 -0.382683
337.555	 130.867	 -0.707107	 -0.707107
344.928	 135.673	 -0.92388	 -0.382683
353.314	 138.95	 -1	 1.22461e-016
361	 141.243	 -1	 1.22461e-016
368.97	 143.071	 -0.92388	 -0.382683
377	 146.4	 -0.92388	 -0.382683
384.644	 150.153	 0.92388	 0.382683
393.104	 152.25	 0.92388	 0.382683
401.155	 155.125	 0.92388	 0.382683
409.108	 158.738	 0.92388	 0.382683
416.848	 161.944	 0.92388	 0.382683
422.792	 166.821	 1	 0
287	 150.5	 -0.92388	 -0.382683
295.012	 153.972	 -0.92388	 -0.382683
303	 158.214	 -0.92388	 -0.382683
309.375	 163.625	 0.707107	 0.707107
314.467	 169.533	 0.382683	 0.92388
319.492	 177.003	 0.382683	 0.92388
324.979	 183.021	 0.707107	 0.707107
330.717	 188.283	 0.92388	 0.382683
336.281	 193.719	 0.382683	 0.92388
342.098	 199.869	 0.92388	 0.382683
710.453	 195.731	 -0.382683	 0.92388
713.787	 188.119	 -0.382683	 0.92388
717.523	 181.509	 -0.382683	 0.92388
720	 173.5	 -0.382683	 0.92388
722.25	 165.604	 6.12303e-017	 1
722.107	 157	 -0.382683	 -0.92388
923.641	 214.025	 0.382683	 0.92388
920.58	 206.634	 0.382683	 0.92388
917.518	 199.243	 0.382683	 0.92388
913.765	 192.39	 0.382683	 0.92388
909.944	 186.316	 0.382683	 0.92388
906.096	 179.46	 0.382683	 0.92388
902.101	 172.458	 0.382683	 0.92388
896.923	 165.759	 0.707107	 0.707107
891.267	 160.102	 0.707107	 0.707107
885.61	 154.445	 0.92388	 0.382683
878.5	 151.5	 1	 0
875.091	 158	 -1.83691e-016	 -1
875.317	 166	 -1.83691e-016	 -1
876.384	 173.848	 0.382683	 0.92388
877.042	 182	 6.12303e-017	 1
877.875	 190.052	 6.12303e-017	 1
878.065	 198	 6.12303e-017	 1
878.763	 206	 6.12303e-017	 1
879.563	 214	 6.12303e-017	 1
880.722	 221.908	 6.12303e-017	 1
881.306	 230.081	 6.12303e-017	 1
882.028	 237.988	 6.12303e-017	 1
882.67	 246	 6.12303e-017	 1
883.772	 254.387	 6.12303e-017	 1
885.738	 262	 6.12303e-017	 1
886.319	 270	 6.12303e-017	 1
886.3	 278	 6.12303e-017	 1
448.227	 239	 6.12303e-017	 1
447.577	 231	 6.12303e-017	 1
445.446	 223.022	 6.12303e-017	 1
444.222	 215	 6.12303e-017	 1
445.571	 207	 -0.382683	 0.92388
447.094	 199	 6.12303e-017	 1
447.516	 191	 6.12303e-017	 1
447.531	 183	 -0.382683	 -0.92388
446.722	 174.908	 -1.83691e-016	 -1
148.094	 216.321	 -0.382683	 0.92388
151.377	 208.969	 -0.382683	 0.92388
151.377	 201.274	 6.12303e-017	 1
151.014	 193	 -1.83691e-016	 -1
154	 186	 -1.83691e-016	 -1
146.5	 181.5	 -0.707107	 -0.707107
538.799	 167.917	 -0.92388	 -0.382683
544.944	 172.816	 -0.382683	 -0.92388
548.583	 179.965	 -0.707107	 -0.707107
552.958	 188.017	 -0.382683	 -0.92388
556.979	 195.009	 -0.382683	 -0.92388
560.943	 203.024	 0.382683	 0.92388
561.143	 211	 6.12303e-017	 1
748.31	 186	 -1.83691e-016	 -1
749.75	 194	 -1.83691e-016	 -1
749.744	 202	 6.12303e-017	 1
778.977	 145.458	 -0.382683	 -0.92388
783.336	 151.982	 -0.707107	 -0.707107
785.688	 159.922	 -1.83691e-016	 -1
782.672	 169.152	 -1.83691e-016	 -1
783.152	 177	 -1.83691e-016	 -1
782.574	 185.031	 -1.83691e-016	 -1
779.486	 192.486	 0.382683	 -0.92388
775.107	 199.544	 -0.707107	 0.707107
769.31	 204.31	 -1	 1.22461e-016
761.086	 207.208	 -1	 1.22461e-016
752.5	 208	 -0.92388	 0.382683
817.768	 219.532	 0.382683	 0.92388
815.733	 212.097	 -0.382683	 0.92388
815.813	 204	 6.12303e-017	 1
814.833	 196	 -1.83691e-016	 -1
816.063	 188	 -1.83691e-016	 -1
182.736	 143.609	 -1.83691e-016	 -1
188.336	 149.836	 -0.707107	 -0.707107
194.686	 153.586	 -0.707107	 -0.707107
196.9	 161.041	 -0.382683	 -0.92388
199.154	 169.007	 -0.382683	 -0.92388
202.287	 176.713	 -0.707107	 -0.707107
208.125	 181.448	 -0.382683	 -0.92388
210.318	 189.152	 -0.382683	 -0.92388
214	 197	 -0.382683	 -0.92388
216.229	 205.112	 -0.382683	 -0.92388
219.714	 213	 0.382683	 0.92388
223.5	 220	 6.12303e-017	 1
340.438	 203.85	 1	 0
333.362	 206.667	 0.92388	 -0.382683
326.031	 210.075	 0.92388	 -0.382683
318	 212.595	 -0.92388	 0.382683
311.604	 215.25	 -0.92388	 0.382683
304.044	 217.607	 -0.92388	 0.382683
297	 221.867	 -0.92388	 0.382683
289.069	 223.167	 -1	 1.22461e-016
281.012	 227.028	 -0.92388	 0.382683
273.49	 228.975	 -0.92388	 0.382683
265.093	 229.592	 -0.92388	 -0.382683
347	 247.875	 -0.92388	 0.382683
355	 248	 -0.92388	 0.382683
381.9	 293	 6.12303e-017	 1
379.637	 286	 0.382683	 0.92388
380.757	 278.106	 -0.382683	 0.92388
383.315	 271.424	 -0.382683	 0.92388
385.572	 264.673	 -0.92388	 0.382683
507.083	 228	 -0.382683	 0.92388
508.45	 220	 -1.83691e-016	 -1
507.597	 210.96	 -1.83691e-016	 -1
507.397	 203	 -1.83691e-016	 -1
506.619	 196	 -1.83691e-016	 -1
505.056	 187.977	 -0.382683	 -0.92388
503.811	 180	 -1.83691e-016	 -1
503.125	 172	 -0.382683	 -0.92388
500.95	 266.521	 6.12303e-017	 1
497.499	 259.251	 0.382683	 0.92388
63.3356	 314.051	 -0.92388	 -0.382683
69.9379	 317.65	 -0.707107	 -0.707107
75.0077	 322.992	 -0.707107	 -0.707107
80.7958	 329.204	 -0.707107	 -0.707107
87.1111	 334.889	 -0.707107	 -0.707107
93.9973	 340.006	 -0.92388	 -0.382683
102.013	 344.469	 -0.92388	 -0.382683
109.96	 348.097	 -0.92388	 -0.382683
117.5	 351.5	 -0.92388	 -0.382683
124.945	 355.133	 -0.92388	 -0.382683
299.31	 366.879	 -0.382683	 0.92388
302.464	 359	 -0.382683	 0.92388
304.488	 351	 6.12303e-017	 1
306.271	 343	 6.12303e-017	 1
303.761	 335.099	 0.382683	 0.92388
300.929	 327.529	 0.382683	 0.92388
298.296	 320.084	 0.382683	 0.92388
295.712	 313.119	 0.382683	 0.92388
293.829	 304.071	 0.382683	 0.92388
292.171	 296	 0.382683	 0.92388
290.231	 288.404	 0.382683	 0.92388
287.137	 279.943	 0.382683	 0.92388
284.974	 272.011	 0.382683	 0.92388
281.204	 263.916	 0.382683	 0.92388
277.508	 256.497	 0.382683	 0.92388
273.387	 249.526	 -0.382683	 -0.92388
269.288	 242.881	 -0.382683	 -0.92388
263.472	 237.528	 -0.707107	 -0.707107
536.7	 255.913	 6.12303e-017	 1
532.852	 249.148	 0.92388	 0.382683
526	 246.1	 1	 0
517.554	 248.131	 0.92388	 -0.382683
510.07	 250.669	 -0.92388	 0.382683
502	 251.864	 -1	 1.22461e-016
362.017	 252.007	 0.382683	 -0.92388
358.476	 258.99	 0.382683	 -0.92388
356.604	 266	 0.382683	 0.92388
355.811	 274	 6.12303e-017	 1
489.96	 254.904	 0.92388	 -0.382683
482.329	 258.588	 0.92388	 -0.382683
475	 262.6	 0.92388	 -0.382683
937.399	 232.982	 -0.382683	 -0.92388
936.233	 240.233	 0.707107	 -0.707107
928.686	 243.577	 0.382683	 -0.92388
925.975	 251	 0.382683	 -0.92388
922.4	 257.959	 0.382683	 -0.92388
918.368	 265.945	 -0.707107	 0.707107
911.544	 270.107	 -0.92388	 0.382683
904.474	 273.938	 -0.92388	 0.382683
896.457	 276.896	 -1	 1.22461e-016
188.725	 358	 6.12303e-017	 1
188.576	 349.969	 6.12303e-017	 1
187.009	 341.996	 0.382683	 0.92388
185.365	 334.056	 6.12303e-017	 1
183.795	 325.878	 6.12303e-017	 1
182.611	 318	 0.382683	 0.92388
182.438	 310	 6.12303e-017	 1
183.673	 302.072	 -0.382683	 0.92388
187.179	 294.074	 -0.382683	 0.92388
190.414	 286.464	 -0.382683	 0.92388
246.23	 279.447	 0.92388	 0.382683
239.444	 275.135	 -1	 1.22461e-016
413.526	 307.438	 0.707107	 0.707107
405.992	 304.008	 0.92388	 0.382683
399.357	 298.559	 0.382683	 0.92388
396.41	 291.037	 0.382683	 0.92388
395.044	 283	 6.12303e-017	 1
394.593	 275	 -1.83691e-016	 -1
392.142	 267.441	 -0.382683	 -0.92388
482.063	 289.474	 0.707107	 0.707107
480.6	 280.959	 6.12303e-017	 1
476.41	 274.465	 -1.83691e-016	 -1
573.25	 307.104	 0.382683	 0.92388
570.321	 299.574	 0.382683	 0.92388
567.921	 292	 0.382683	 0.92388
566.393	 284.044	 -0.382683	 -0.92388
563.92	 277.533	 -0.382683	 -0.92388
560.075	 271.925	 -0.92388	 -0.382683
552.998	 268.005	 -0.92388	 -0.382683
547.02	 262.98	 -0.707107	 -0.707107
793.453	 362.113	 0.92388	 0.382683
786	 359.071	 0.92388	 0.382683
778.091	 356.279	 0.92388	 0.382683
769.993	 353.016	 0.92388	 0.382683
761.944	 349.134	 1	 0
754.513	 345.487	 0.92388	 0.382683
956.762	 268.68	 0.707107	 0.707107
951.417	 270.417	 0.92388	 -0.382683
946	 276.5	 -1.83691e-016	 -1
943.143	 284.559	 0.382683	 -0.92388
940.611	 292.546	 6.12303e-017	 1
937.277	 300.408	 -0.382683	 0.92388
934.525	 308	 -0.382683	 0.92388
931.575	 316.531	 -0.382683	 0.92388
928.433	 324.472	 -0.382683	 0.92388
925.725	 332.593	 -0.382683	 0.92388
922.872	 340.447	 -0.382683	 0.92388
920.986	 347.994	 -0.382683	 0.92388
918.834	 355.638	 -0.382683	 0.92388
916.138	 363.35	 -0.382683	 0.92388
914.249	 371.396	 -0.382683	 0.92388
911.665	 379.568	 -0.382683	 0.92388
909.143	 387.352	 -0.382683	 0.92388
906.942	 395.476	 -0.382683	 0.92388
249.52	 289.152	 -0.382683	 -0.92388
249.65	 297.062	 0.382683	 -0.92388
247.5	 305.5	 -0.382683	 0.92388
246.455	 314	 0.382683	 0.92388
247.409	 322	 6.12303e-017	 1
364.972	 366	 6.12303e-017	 1
364.572	 358.47	 0.382683	 0.92388
362.482	 350.507	 0.382683	 0.92388
358.925	 342.324	 0.382683	 0.92388
355.826	 335.365	 0.382683	 0.92388
351.255	 328.602	 0.707107	 0.707107
346.51	 321.496	 0.382683	 0.92388
342.652	 315.348	 0.382683	 0.92388
336.25	 309.75	 -0.707107	 -0.707107
545.38	 309.595	 -0.382683	 -0.92388
551.579	 314.81	 0.92388	 0.382683
558.564	 317.345	 0.92388	 0.382683
567	 319.354	 0.92388	 0.382683
574.234	 323.766	 0.707107	 0.707107
580.032	 329.968	 0.707107	 0.707107
584.73	 335.905	 0.382683	 0.92388
694.845	 313	 6.12303e-017	 1
693.714	 321.411	 0.382683	 0.92388
696.786	 329.089	 0.382683	 0.92388
701.498	 335.38	 0.707107	 0.707107
360.048	 572	 6.12303e-017	 1
359.299	 564	 6.12303e-017	 1
359.75	 556.104	 6.12303e-017	 1
365.439	 549.475	 6.12303e-017	 1
370.194	 543.194	 -0.707107	 0.707107
374.412	 537	 -0.382683	 0.92388
374.818	 529	 6.12303e-017	 1
632.329	 337	 -1.83691e-016	 -1
631.596	 344.54	 -1.83691e-016	 -1
629.02	 352	 6.12303e-017	 1
627.677	 360	 6.12303e-017	 1
627.612	 368	 6.12303e-017	 1
625.412	 375.464	 6.12303e-017	 1
625.982	 382.507	 6.12303e-017	 1
626.371	 391	 -0.382683	 0.92388
626.769	 399.404	 6.12303e-017	 1
628.706	 407	 6.12303e-017	 1
775.848	 489.151	 0.92388	 -0.382683
767.874	 486.804	 0.92388	 0.382683
693.109	 346	 -1.83691e-016	 -1
693.498	 354	 -1.83691e-016	 -1
691.934	 361.973	 0.382683	 -0.92388
689.239	 369.892	 -0.382683	 0.92388
184.562	 367.562	 0.707107	 -0.707107
179.975	 375.49	 0.382683	 -0.92388
178.867	 384	 6.12303e-017	 1
178.732	 392	 6.12303e-017	 1
179.582	 399.848	 0.382683	 0.92388
615.078	 346.075	 -1.83691e-016	 -1
612.614	 353.547	 0.382683	 -0.92388
609.433	 360.472	 0.382683	 -0.92388
606.595	 367.539	 0.382683	 -0.92388
603.975	 375	 -1.83691e-016	 -1
601.742	 382.6	 -0.382683	 0.92388
598.69	 390.579	 -0.382683	 0.92388
594.383	 397.952	 -0.382683	 0.92388
591.929	 405.471	 -0.382683	 0.92388
590.617	 413	 6.12303e-017	 1
589.542	 421	 6.12303e-017	 1
591.194	 429	 0.382683	 0.92388
910.459	 402.4	 -1	 1.22461e-016
919	 401.152	 -1	 1.22461e-016
927.476	 400.442	 -1	 1.22461e-016
934.959	 397.901	 -0.92388	 0.382683
942.962	 394.908	 -0.92388	 0.382683
951.051	 391.123	 -0.92388	 0.382683
958.923	 386.923	 -0.92388	 0.382683
965.78	 381.78	 -0.707107	 0.707107
970.243	 376.684	 0.707107	 -0.707107
974.848	 368.937	 0.382683	 -0.92388
979.611	 361.046	 0.382683	 -0.92388
984.928	 354.592	 0.707107	 -0.707107
129.44	 363.195	 0.382683	 -0.92388
125.73	 370.152	 0.382683	 -0.92388
123.23	 377.637	 -1.83691e-016	 -1
122.417	 385.535	 -1.83691e-016	 -1
122.578	 394	 -0.382683	 0.92388
120.175	 402.073	 6.12303e-017	 1
120.5	 410	 0.382683	 0.92388
123.111	 417	 -0.382683	 0.92388
298.261	 375.599	 -0.382683	 -0.92388
300.776	 383.093	 -0.382683	 -0.92388
302.963	 390	 6.12303e-017	 1
301.841	 398	 6.12303e-017	 1
298.608	 405.795	 -0.382683	 0.92388
316	 483.063	 -1	 1.22461e-016
324.535	 482.083	 -0.92388	 0.382683
331.635	 478.635	 -0.92388	 0.382683
336.65	 473.65	 -0.707107	 0.707107
341.535	 467.015	 -0.382683	 0.92388
344.887	 459.453	 -0.382683	 0.92388
348.183	 452.576	 -0.382683	 0.92388
349.661	 444	 6.12303e-017	 1
349.926	 436.031	 6.12303e-017	 1
348.582	 428.466	 6.12303e-017	 1
345.96	 420.516	 0.382683	 0.92388
343.157	 412.642	 0.382683	 0.92388
340.241	 404.107	 0.382683	 0.92388
337.694	 396.42	 0.382683	 0.92388
335.327	 388.572	 -0.382683	 -0.92388
335	 381	 -1.83691e-016	 -1
396.333	 452.931	 6.12303e-017	 1
398.136	 445.349	 -0.382683	 0.92388
401.781	 437.617	 -0.382683	 0.92388
405.033	 429.514	 -0.382683	 0.92388
406.481	 422	 6.12303e-017	 1
408.237	 414	 -1.83691e-016	 -1
404.753	 413.105	 -0.382683	 0.92388
407.983	 405.993	 -0.707107	 0.707107
408.592	 398.038	 6.12303e-017	 1
409.671	 390	 -1.83691e-016	 -1
411.429	 381.97	 0.382683	 -0.92388
414.204	 375.377	 0.382683	 -0.92388
573	 428.809	 1	 0
565	 428.371	 1	 0
556.873	 427.307	 0.92388	 0.382683
887.635	 505.464	 -0.707107	 0.707107
893.083	 500.083	 -0.707107	 0.707107
896.633	 493.262	 -0.707107	 0.707107
256.972	 411.512	 0.382683	 0.92388
252.916	 404.703	 0.707107	 0.707107
246.881	 401.119	 -0.707107	 -0.707107
456.425	 512.848	 -0.382683	 0.92388
457.694	 505	 6.12303e-017	 1
458.313	 497.371	 0.382683	 0.92388
453.483	 490	 0.382683	 0.92388
452.868	 482	 -0.382683	 0.92388
456.661	 475.233	 -0.382683	 0.92388
459.957	 467.482	 -0.382683	 0.92388
463.844	 459.642	 -0.382683	 0.92388
467.081	 452.327	 -0.382683	 0.92388
470.431	 445.471	 -0.382683	 0.92388
475.547	 438.114	 -0.707107	 0.707107
481.628	 433.628	 -0.92388	 0.382683
487.488	 427.495	 -0.382683	 0.92388
690	 376.05	 -0.92388	 -0.382683
698	 377.149	 -1	 1.22461e-016
706.265	 378.735	 -1	 1.22461e-016
712.5	 383.5	 -0.707107	 -0.707107
716.462	 390.016	 -0.382683	 -0.92388
715.268	 398.421	 -1.83691e-016	 -1
715.404	 406	 6.12303e-017	 1
716.935	 413.696	 0.382683	 0.92388
720.66	 420.934	 0.382683	 0.92388
723.979	 428.01	 0.382683	 0.92388
95.0142	 455.068	 -0.92388	 -0.382683
102.5	 459.5	 -1	 1.22461e-016
110.609	 461.126	 -0.92388	 -0.382683
118	 464.188	 -0.92388	 -0.382683
126	 467.896	 -0.92388	 -0.382683
134	 468.433	 -0.92388	 -0.382683
141.433	 466.972	 -0.707107	 0.707107
146.528	 460.528	 -0.382683	 0.92388
151.125	 453.845	 -0.382683	 0.92388
154.979	 447.979	 -0.707107	 0.707107
160.137	 442.557	 -0.707107	 0.707107
165.092	 436.092	 -0.707107	 0.707107
169.143	 429.352	 -0.382683	 0.92388
171.224	 421	 0.382683	 -0.92388
173.589	 413.037	 0.382683	 -0.92388
176.483	 404.993	 0.382683	 -0.92388
722.5	 430	 1	 0
714	 430.228	 1	 0
706	 429.661	 1	 0
698	 428.033	 -1	 1.22461e-016
690	 427.945	 -1	 1.22461e-016
682	 427.759	 -1	 1.22461e-016
674	 428.139	 -1	 1.22461e-016
666	 427.604	 -1	 1.22461e-016
658	 426.563	 -0.92388	 -0.382683
652.032	 421.968	 -0.92388	 -0.382683
647.038	 416.962	 -0.707107	 -0.707107
642.594	 412.406	 -0.92388	 -0.382683
635.052	 411.374	 -1	 1.22461e-016
491.819	 488.132	 -0.707107	 0.707107
494.931	 479.971	 -0.382683	 0.92388
496.577	 472	 6.12303e-017	 1
498.932	 464.679	 -0.382683	 0.92388
503.877	 457.877	 -0.707107	 0.707107
508.907	 452.907	 -0.707107	 0.707107
514.142	 447.142	 -0.707107	 0.707107
519.086	 441.086	 0.707107	 -0.707107
525.66	 436.047	 0.92388	 -0.382683
532.036	 430.036	 0.707107	 -0.707107
535.028	 425.028	 -1.83691e-016	 -1
553.432	 430	 -1.83691e-016	 -1
552.623	 437.623	 0.382683	 -0.92388
547.99	 443.99	 -0.382683	 0.92388
544.582	 451.534	 -0.382683	 0.92388
542.276	 460	 6.12303e-017	 1
537.866	 466.866	 -0.707107	 0.707107
532.979	 472.979	 -0.382683	 0.92388
531.055	 481	 6.12303e-017	 1
532.705	 487.915	 0.382683	 0.92388
294.345	 408.345	 0.707107	 -0.707107
288.598	 413.541	 0.382683	 -0.92388
283.77	 420.77	 0.382683	 -0.92388
280.344	 427	 0.382683	 -0.92388
278.632	 435	 -1.83691e-016	 -1
277.35	 442.438	 0.382683	 -0.92388
273	 450	 0.382683	 -0.92388
266	 454.546	 -0.92388	 0.382683
292	 442	 -1.83691e-016	 -1
297.986	 447.014	 -0.707107	 -0.707107
304.602	 452.255	 -0.92388	 -0.382683
312	 454.892	 1	 0
727.116	 440.38	 0.92388	 -0.382683
720	 443.384	 0.92388	 -0.382683
712	 442.231	 1	 0
704.611	 443.768	 0.92388	 -0.382683
696.639	 447.835	 0.92388	 -0.382683
688.986	 450.965	 1	 0
681	 451.065	 1	 0
673.004	 451.509	 1	 0
665	 452.722	 -1	 1.22461e-016
657	 451.876	 -1	 1.22461e-016
872.341	 463.659	 0.707107	 0.707107
867.992	 458.003	 6.12303e-017	 1
865.118	 449.951	 -0.382683	 -0.92388
862.404	 442.54	 -0.382683	 -0.92388
859.587	 435.464	 -0.382683	 -0.92388
856.545	 427.482	 -0.382683	 -0.92388
1015.8	 441.577	 0.382683	 -0.92388
1010.34	 447.112	 0.92388	 -0.382683
1003.45	 451.882	 0.92388	 -0.382683
995.6	 456.242	 -0.92388	 0.382683
988.617	 460.283	 -0.92388	 0.382683
980.917	 462.8	 -0.92388	 0.382683
973.46	 466.404	 -0.92388	 0.382683
965	 469.549	 -0.92388	 0.382683
956.883	 473.217	 -0.92388	 0.382683
949.034	 477.083	 -0.92388	 0.382683
941.014	 480.932	 -0.92388	 0.382683
933.11	 484.265	 -0.92388	 0.382683
925.686	 486.746	 -0.92388	 0.382683
181.843	 450.065	 -1.83691e-016	 -1
182.542	 458.017	 0.382683	 -0.92388
180.661	 466.015	 6.12303e-017	 1
177.478	 473.991	 -0.382683	 0.92388
174.45	 482	 6.12303e-017	 1
174.6	 490	 6.12303e-017	 1
173.585	 497.91	 -0.382683	 0.92388
172.285	 506	 6.12303e-017	 1
169.806	 514.127	 -0.382683	 0.92388
166.826	 521.843	 -0.382683	 0.92388
164.438	 529.974	 -0.382683	 0.92388
161.66	 538	 -0.382683	 0.92388
158	 546	 -0.382683	 0.92388
155.321	 554	 -0.382683	 0.92388
153.844	 562.143	 6.12303e-017	 1
239.652	 464.61	 -0.92388	 -0.382683
247.041	 465.9	 1	 0
253.977	 463.977	 0.92388	 -0.382683
719.84	 472.696	 0.382683	 0.92388
718.119	 465	 -1.83691e-016	 -1
717.899	 456.835	 -1.83691e-016	 -1
718.859	 448.941	 0.382683	 -0.92388
348	 485.727	 -1	 1.22461e-016
354.948	 483.375	 -0.92388	 0.382683
363	 480.573	 -0.92388	 0.382683
371.598	 479.634	 -0.92388	 0.382683
380	 478.82	 1	 0
387.465	 476.915	 0.92388	 -0.382683
394.088	 473.088	 0.92388	 -0.382683
401.4	 469.258	 0.92388	 -0.382683
436.992	 461.152	 -0.382683	 -0.92388
437.139	 469	 -1.83691e-016	 -1
406.371	 482	 -1.83691e-016	 -1
408.126	 490	 -0.382683	 -0.92388
408.286	 498	 6.12303e-017	 1
408.424	 506	 6.12303e-017	 1
839	 505.74	 -1	 1.22461e-016
848	 505.563	 -0.92388	 -0.382683
855.401	 503.459	 -0.382683	 0.92388
856.896	 495	 0.382683	 0.92388
854.777	 487.592	 -0.382683	 -0.92388
855.543	 479.745	 0.382683	 -0.92388
104.026	 495.563	 1	 0
96.4379	 498.85	 1	 0
88.9793	 501.45	 0.92388	 -0.382683
81.5	 505	 -0.92388	 0.382683
73.6759	 504.792	 -0.92388	 -0.382683
287.208	 489.792	 -0.382683	 -0.92388
293.655	 495.126	 -0.92388	 -0.382683
300.472	 499.568	 -0.707107	 -0.707107
307.596	 503.269	 -0.92388	 -0.382683
314.15	 507.85	 0.92388	 0.382683
321.496	 511.009	 1	 0
647.069	 492.167	 0.92388	 -0.382683
640.436	 496.846	 0.92388	 -0.382683
633.476	 499.942	 0.92388	 -0.382683
625.505	 503.013	 0.92388	 -0.382683
618	 505.556	 0.92388	 -0.382683
610.896	 504.696	 -0.92388	 -0.382683
602.534	 502.417	 -0.92388	 -0.382683
594	 500.196	 -1	 1.22461e-016
586	 499.408	 -1	 1.22461e-016
578	 502.042	 -0.92388	 0.382683
570.462	 505.907	 -0.92388	 0.382683
563.034	 506.449	 -0.92388	 -0.382683
917.841	 527	 6.12303e-017	 1
917.841	 519	 6.12303e-017	 1
917.752	 510.855	 -0.382683	 0.92388
919.537	 503.05	 -1.83691e-016	 -1
920	 495	 -1.83691e-016	 -1
148.071	 564.829	 0.92388	 0.382683
139.965	 562.583	 1	 0
132.007	 560.483	 0.92388	 0.382683
123.995	 558.011	 0.92388	 0.382683
116	 555.995	 0.92388	 0.382683
108.021	 554.45	 1	 0
224.896	 515.25	 -0.92388	 0.382683
232.363	 516.638	 -0.92388	 -0.382683
238.877	 522.123	 -0.707107	 -0.707107
244.993	 527.007	 -0.707107	 -0.707107
251.826	 531.921	 0.92388	 0.382683
259.479	 534.551	 0.92388	 0.382683
853.069	 538.971	 -1.83691e-016	 -1
848.895	 545.246	 0.92388	 -0.382683
841.582	 548.698	 0.92388	 -0.382683
834.124	 551.798	 0.92388	 -0.382683
827.42	 554.307	 0.92388	 -0.382683
820	 556.516	 0.92388	 -0.382683
811.495	 557.487	 0.92388	 -0.382683
803.911	 560.284	 0.92388	 -0.382683
796.019	 563.045	 0.92388	 -0.382683
788	 564.733	 1	 0
780	 564.561	 1	 0
772.57	 562.831	 0.92388	 0.382683
765	 560.64	 1	 0
757.822	 558.178	 0.707107	 0.707107
752.166	 553.599	 0.707107	 0.707107
745	 549.687	 0.92388	 0.382683
737	 549.58	 1	 0
729.463	 548.588	 0.92388	 0.382683
722.49	 544.023	 0.92388	 0.382683
715	 541.24	 1	 0
707	 540.224	 1	 0
698.522	 539.946	 0.92388	 0.382683
690.525	 537.439	 0.92388	 0.382683
683	 533.78	 1	 0
675	 533.049	 1	 0
667	 533.723	 -1	 1.22461e-016
659.567	 533.339	 -0.92388	 -0.382683
652.286	 529.714	 -0.92388	 -0.382683
644.441	 531.857	 -0.92388	 0.382683
636.509	 533.022	 -1	 1.22461e-016
796.414	 478.586	 0.707107	 -0.707107
791.828	 484.672	 0.707107	 -0.707107
787.375	 490.948	 0.707107	 -0.707107
785.783	 498.91	 0.382683	 -0.92388
366	 520.65	 0.92388	 0.382683
358	 519.436	 1	 0
350.358	 521.156	 0.92388	 -0.382683
344.46	 525.404	 0.707107	 -0.707107
336.631	 529.631	 0.92388	 -0.382683
331.364	 535.364	 0.707107	 -0.707107
327.851	 542	 0.382683	 -0.92388
327.975	 549.51	 0.382683	 0.92388
330.224	 557.114	 0.382683	 0.92388
331.951	 564.52	 6.12303e-017	 1
333.26	 573	 6.12303e-017	 1
334.429	 581	 6.12303e-017	 1
336.473	 588.262	 0.382683	 0.92388
337.975	 596.511	 0.382683	 0.92388
341.906	 604.539	 0.382683	 0.92388
346.676	 612.427	 0.382683	 0.92388
349.917	 619.535	 0.382683	 0.92388
1019.5	 554.488	 1	 0
1011.58	 552.818	 0.92388	 0.382683
1004	 549.567	 0.92388	 0.382683
996	 548.25	 1	 0
987.946	 546.63	 0.92388	 0.382683
980	 544.576	 1	 0
972.022	 540.948	 -0.92388	 -0.382683
964.085	 538.295	 -0.92388	 -0.382683
956	 537.383	 -1	 1.22461e-016
948	 537.119	 -1	 1.22461e-016
939.868	 536.318	 -0.92388	 -0.382683
931.816	 533.944	 -0.92388	 -0.382683
924.426	 528.574	 -0.92388	 -0.382683
102.258	 556.995	 0.92388	 -0.382683
95.1071	 561.107	 0.382683	 -0.92388
88.431	 565.833	 0.92388	 -0.382683
81.6313	 570.231	 -0.707107	 0.707107
75.6381	 575.833	 -0.707107	 0.707107
70.4965	 580.723	 -0.382683	 0.92388
69.5	 589	 6.12303e-017	 1
372.928	 630	 0.382683	 0.92388
371.34	 622.566	 0.382683	 0.92388
369.28	 615.091	 0.382683	 0.92388
369.484	 606.493	 -0.382683	 0.92388
373.753	 598.898	 -0.382683	 0.92388
378.122	 592.122	 -0.707107	 0.707107
382.653	 587.869	 -0.707107	 0.707107
388.977	 582.977	 -0.92388	 0.382683
395.671	 576.571	 -0.707107	 0.707107
398.41	 569.018	 -1.83691e-016	 -1
398.735	 561	 -1.83691e-016	 -1
398.398	 553	 -1.83691e-016	 -1
396.313	 545.078	 -1.83691e-016	 -1
392.951	 537.52	 -1.83691e-016	 -1
390.895	 530.544	 -0.382683	 -0.92388
388.816	 523	 -1.83691e-016	 -1
388.864	 515	 -1.83691e-016	 -1
386.763	 507.304	 -0.382683	 -0.92388
614.895	 575.746	 -1	 1.22461e-016
622.524	 573.558	 -1	 1.22461e-016
629.304	 570.69	 -1	 1.22461e-016
637	 570.681	 -1	 1.22461e-016
643.492	 567.492	 0.707107	 -0.707107
827.492	 583.019	 1	 0
818.848	 582.225	 0.92388	 0.382683
811	 581.512	 1	 0
803.496	 583.991	 1	 0
795.911	 585.286	 0.92388	 -0.382683
877	 569.158	 -1	 1.22461e-016
885	 568.962	 -1	 1.22461e-016
893.058	 569.928	 1	 0
899.987	 574.031	 0.707107	 0.707107
906.521	 578.479	 0.707107	 0.707107
913.487	 583.032	 0.92388	 0.382683
920.925	 587.181	 0.92388	 0.382683
928.491	 590.521	 0.92388	 0.382683
935.115	 594.885	 0.707107	 0.707107
940.921	 600.079	 0.707107	 0.707107
946.246	 605.898	 0.382683	 0.92388
950.929	 612.322	 0.382683	 0.92388
956.401	 618.599	 0.707107	 0.707107
962.129	 623.871	 0.707107	 0.707107
968.5	 628.5	 0.707107	 0.707107
975.025	 632.975	 0.92388	 0.382683
983.461	 636.093	 0.92388	 0.382683
992	 638.083	 1	 0
1000.53	 638.931	 1	 0
271.35	 590	 0.382683	 0.92388
268.132	 582.474	 -1.83691e-016	 -1
399.829	 642.071	 0.382683	 0.92388
399.114	 634	 6.12303e-017	 1
399.893	 626	 6.12303e-017	 1
399.5	 617.5	 -0.382683	 0.92388
404.35	 610.138	 -0.92388	 0.382683
411.171	 605.171	 -0.707107	 0.707107
416.956	 598.482	 -0.382683	 0.92388
420.227	 590.887	 -1.83691e-016	 -1
420.397	 583	 -1.83691e-016	 -1
417	 575.5	 -0.382683	 -0.92388
413.15	 568.438	 -0.707107	 -0.707107
473.607	 565	 0.382683	 -0.92388
473.723	 573	 -1.83691e-016	 -1
474.008	 581.497	 -0.382683	 -0.92388
475.878	 589.05	 -0.382683	 -0.92388
478.617	 596.452	 0.382683	 0.92388
482.457	 604.018	 6.12303e-017	 1
481.25	 612.604	 6.12303e-017	 1
484.888	 620.547	 0.707107	 0.707107
488.968	 627.513	 0.382683	 0.92388
491.485	 636.006	 0.382683	 0.92388
494.272	 643.595	 0.382683	 0.92388
496.832	 650.863	 0.382683	 0.92388
500.098	 658.666	 0.382683	 0.92388
503.337	 666.568	 0.382683	 0.92388
508.456	 673.018	 0.382683	 0.92388
713	 589.732	 -1	 1.22461e-016
721	 589.755	 -0.92388	 0.382683
729.575	 589.319	 -1	 1.22461e-016
738	 591.238	 1	 0
744	 585.536	 -1	 1.22461e-016
752	 585.312	 -1	 1.22461e-016
760	 584.525	 -1	 1.22461e-016
767.397	 586.748	 -0.92388	 -0.382683
775	 590.366	 -1	 1.22461e-016
783	 589.234	 -0.92388	 0.382683
790.976	 587.443	 0.92388	 -0.382683
804.037	 630.089	 0.92388	 -0.382683
796.024	 633.557	 0.92388	 -0.382683
787.938	 636.35	 0.92388	 -0.382683
779.986	 639.965	 0.92388	 -0.382683
772.489	 643.975	 0.92388	 -0.382683
764.923	 648.314	 0.92388	 -0.382683
757.136	 651.828	 0.92388	 -0.382683
609.108	 591	 -1.83691e-016	 -1
611.001	 597.999	 -0.382683	 -0.92388
617.424	 603.531	 -0.707107	 -0.707107
621.584	 611	 0.382683	 0.92388
623.044	 619	 6.12303e-017	 1
625.47	 626.512	 0.382683	 0.92388
627.972	 634.012	 0.382683	 0.92388
632.626	 640.374	 0.92388	 0.382683
638.956	 645.657	 0.92388	 0.382683
699	 645	 1	 0
692.782	 637.848	 6.12303e-017	 1
692.782	 629.848	 0.382683	 0.92388
692.043	 622.043	 6.12303e-017	 1
696	 616.75	 -0.92388	 0.382683
704	 616.824	 -1	 1.22461e-016
712	 617.131	 -1	 1.22461e-016
720	 617.443	 -1	 1.22461e-016
728	 617.551	 -1	 1.22461e-016
736	 618.605	 -1	 1.22461e-016
743.994	 621.015	 0.92388	 0.382683
751.479	 622.051	 1	 0
759	 623.122	 0.92388	 -0.382683
765.932	 620.129	 0.707107	 -0.707107
769.5	 612.5	 0.382683	 -0.92388
777	 610.543	 1	 0
785.509	 612.521	 1	 0
794	 613.847	 1	 0
801.75	 613.472	 0.92388	 -0.382683
808.418	 608.096	 0.707107	 -0.707107
810.807	 600.627	 -1.83691e-016	 -1
890.282	 844.09	 6.12303e-017	 1
889.281	 836	 6.12303e-017	 1
231.997	 615.738	 -0.707107	 -0.707107
234.358	 623	 -1.83691e-016	 -1
234.61	 631	 -1.83691e-016	 -1
236.345	 638.564	 0.382683	 0.92388
239.297	 646.584	 0.382683	 0.92388
244.024	 652.976	 0.382683	 0.92388
247.678	 659.426	 0.382683	 0.92388
248.725	 667	 -0.382683	 0.92388
246.573	 674.53	 6.12303e-017	 1
670.748	 647.983	 0.707107	 0.707107
667.524	 640.51	 6.12303e-017	 1
669.622	 633	 -1.83691e-016	 -1
669.462	 625	 -1.83691e-016	 -1
668.708	 616.914	 -1.83691e-016	 -1
669.5	 609	 0.382683	 -0.92388
675.014	 603.534	 1	 0
683.541	 602.1	 0.92388	 -0.382683
282	 705	 -0.382683	 0.92388
287.53	 698.891	 -0.707107	 0.707107
292.792	 692	 -0.382683	 0.92388
291.682	 684.425	 0.382683	 0.92388
289.601	 677	 0.382683	 0.92388
288.225	 669	 0.382683	 0.92388
287.507	 661.497	 6.12303e-017	 1
285.548	 654	 6.12303e-017	 1
285.649	 646	 -1.83691e-016	 -1
287.095	 638	 -1.83691e-016	 -1
358.654	 717.357	 -0.382683	 0.92388
359.077	 709.468	 0.382683	 0.92388
356.531	 701.487	 0.382683	 0.92388
353.573	 694.47	 0.382683	 0.92388
350.445	 687.023	 0.382683	 0.92388
347.102	 679.458	 0.382683	 0.92388
345.97	 671.696	 0.382683	 0.92388
343.776	 664	 0.382683	 0.92388
341.879	 655.55	 0.382683	 0.92388
339	 648	 0.382683	 0.92388
335.189	 640.629	 -0.382683	 -0.92388
333.715	 633	 0.382683	 -0.92388
403.254	 798.602	 6.12303e-017	 1
400.756	 790.101	 0.382683	 0.92388
397.258	 782.893	 0.382683	 0.92388
392.798	 775.583	 0.382683	 0.92388
389.452	 767.52	 6.12303e-017	 1
387.018	 759	 6.12303e-017	 1
387.922	 751	 -0.382683	 0.92388
388.117	 742.951	 6.12303e-017	 1
386.581	 735	 6.12303e-017	 1
387.111	 727	 6.12303e-017	 1
203	 715	 0.707107	 -0.707107
196.426	 720.321	 0.707107	 -0.707107
188.852	 723.357	 1	 0
184.072	 718.928	 0.707107	 0.707107
178.337	 712.663	 0.707107	 0.707107
171.49	 707.025	 0.92388	 0.382683
164.462	 703.591	 0.92388	 0.382683
157	 701.014	 1	 0
149	 699.937	 1	 0
141	 700.922	 1	 0
132.507	 702.483	 1	 0
363.619	 790	 0.382683	 0.92388
361.735	 781.902	 0.382683	 0.92388
359.583	 774.466	 0.382683	 0.92388
356.664	 767.432	 6.12303e-017	 1
353.917	 759.534	 0.382683	 0.92388
349.53	 752.488	 0.382683	 0.92388
345.834	 744.362	 0.382683	 0.92388
343.567	 737	 6.12303e-017	 1
342.711	 729	 6.12303e-017	 1
340.357	 721.559	 0.382683	 0.92388
399.136	 648.944	 -1.83691e-016	 -1
400.896	 657	 -0.382683	 -0.92388
400.625	 665	 -0.382683	 0.92388
399.011	 673.005	 -0.382683	 0.92388
107	 677.615	 1	 0
99	 678.04	 1	 0
91.0743	 675.821	 0.92388	 0.382683
172.074	 648.621	 1	 0
166.531	 653.304	 0.382683	 -0.92388
161.678	 659.426	 0.92388	 -0.382683
154.826	 663.826	 0.707107	 -0.707107
150	 669	 0.707107	 -0.707107
145.726	 675.387	 -0.382683	 0.92388
140.483	 681.483	 -0.707107	 0.707107
135.197	 687.197	 -0.382683	 0.92388
130.614	 694.614	 -0.382683	 0.92388
588	 643.938	 0.92388	 0.382683
580.835	 647.835	 0.707107	 -0.707107
576	 654	 0.707107	 -0.707107
570	 659.083	 0.92388	 -0.382683
562.314	 664.314	 0.707107	 -0.707107
556	 668.228	 1	 0
894.903	 844.732	 -0.707107	 0.707107
899.647	 838.917	 -0.707107	 0.707107
904.756	 832.606	 -0.707107	 0.707107
909.399	 825.399	 -0.707107	 0.707107
914.723	 818.552	 -0.707107	 0.707107
920.092	 811.533	 -0.382683	 0.92388
924.805	 804.634	 -0.707107	 0.707107
705.138	 699.751	 -0.92388	 0.382683
709.972	 695.972	 -0.707107	 0.707107
716.068	 691.068	 -0.92388	 0.382683
723.574	 686.179	 -0.92388	 0.382683
729.436	 680.845	 0.707107	 -0.707107
735.028	 675.028	 0.707107	 -0.707107
740.508	 670.02	 0.707107	 -0.707107
747.495	 665.989	 0.92388	 -0.382683
752.957	 659.957	 0.707107	 -0.707107
809.672	 680.574	 -0.707107	 -0.707107
815.867	 685.529	 0.707107	 0.707107
821.621	 691.207	 0.707107	 0.707107
822.609	 697.545	 -0.382683	 0.92388
866.063	 716.229	 -1	 1.22461e-016
871.357	 712	 6.12303e-017	 1
870.958	 704.483	 6.12303e-017	 1
872.267	 696.524	 -1.83691e-016	 -1
513.132	 687.945	 -0.382683	 -0.92388
517.19	 694.81	 -0.707107	 -0.707107
522.47	 701.512	 -0.382683	 -0.92388
526.594	 709.5	 0.382683	 0.92388
530.864	 716.849	 0.382683	 0.92388
534.573	 724.47	 6.12303e-017	 1
536.178	 731.634	 0.382683	 0.92388
539.107	 739.456	 0.382683	 0.92388
541.072	 746.97	 0.382683	 0.92388
546.385	 753.615	 0.707107	 0.707107
551.878	 758.122	 0.92388	 0.382683
556.996	 763.004	 0.707107	 0.707107
766	 703	 0.382683	 -0.92388
761.44	 709.475	 -0.382683	 0.92388
136.517	 707.483	 -0.707107	 -0.707107
142	 713.083	 -0.92388	 -0.382683
149.219	 718.781	 -0.707107	 -0.707107
155.181	 724.563	 0.707107	 0.707107
161.315	 730.685	 0.707107	 0.707107
167.261	 736.739	 0.707107	 0.707107
442.851	 715.562	 -0.382683	 -0.92388
447.396	 721.75	 -0.707107	 -0.707107
455	 724.283	 1	 0
463	 725.614	 0.92388	 0.382683
468.344	 733.065	 6.12303e-017	 1
468.551	 741	 0.382683	 0.92388
471.152	 748.644	 0.382683	 0.92388
472.806	 757	 6.12303e-017	 1
472.342	 765	 6.12303e-017	 1
472.501	 773	 6.12303e-017	 1
474.012	 781	 6.12303e-017	 1
473.474	 789	 6.12303e-017	 1
473.547	 797	 6.12303e-017	 1
475.53	 804.988	 0.382683	 0.92388
478.066	 812.473	 0.382683	 0.92388
481.25	 819.604	 0.382683	 0.92388
484.647	 826.939	 0.382683	 0.92388
487.283	 834.883	 0.382683	 0.92388
759.82	 727.762	 -0.382683	 0.92388
762.356	 720.44	 -1.83691e-016	 -1
253.92	 773.491	 1	 0
246.377	 771.195	 0.92388	 0.382683
238.387	 767.442	 0.707107	 0.707107
232.969	 763.031	 0.707107	 0.707107
227.201	 758.799	 0.707107	 0.707107
222.014	 754.986	 0.707107	 0.707107
216.444	 749.636	 0.707107	 0.707107
209.905	 745.095	 0.92388	 0.382683
204.041	 740.9	 0.707107	 0.707107
196.968	 736.077	 -0.92388	 -0.382683
189	 734.847	 -0.92388	 0.382683
181.34	 737.115	 -0.92388	 0.382683
173.589	 738.715	 -1	 1.22461e-016
792.627	 753.373	 0.92388	 0.382683
786.173	 747.827	 0.707107	 0.707107
780.541	 743.4	 0.92388	 0.382683
774.336	 738.664	 0.707107	 0.707107
768.144	 735.152	 -1	 1.22461e-016
762.16	 740.16	 -0.382683	 0.92388
758.421	 747	 -0.382683	 0.92388
903.122	 768.157	 0.382683	 0.92388
897.264	 761.098	 0.382683	 0.92388
892.183	 754.817	 0.382683	 0.92388
886.185	 749.053	 0.92388	 0.382683
878.241	 743.759	 0.707107	 0.707107
871.735	 738.265	 0.707107	 0.707107
866.322	 732.678	 -0.707107	 -0.707107
859.617	 727.383	 -0.707107	 -0.707107
854.054	 721.946	 -0.707107	 -0.707107
848.24	 716.76	 -0.382683	 -0.92388
183	 759.696	 1	 0
175.122	 761.295	 1	 0
167	 762.83	 1	 0
159.163	 764.395	 0.92388	 -0.382683
151.162	 766.392	 1	 0
143.361	 768.665	 0.92388	 -0.382683
135.523	 772.055	 0.92388	 -0.382683
127.512	 776.028	 -0.92388	 0.382683
118.955	 779.393	 -0.92388	 0.382683
111	 781.535	 -1	 1.22461e-016
103.096	 782.731	 -1	 1.22461e-016
97.1771	 786.709	 -0.382683	 0.92388
334.909	 717.28	 1	 0
329	 721.242	 1	 0
321	 722.857	 0.92388	 -0.382683
313.805	 725.805	 0.92388	 -0.382683
308.25	 732.604	 0.707107	 -0.707107
305.622	 740.051	 -1.83691e-016	 -1
305.105	 748	 -1.83691e-016	 -1
305.486	 755.506	 -0.382683	 -0.92388
306.505	 764.002	 0.382683	 -0.92388
304.867	 772	 -1.83691e-016	 -1
303.784	 780	 6.12303e-017	 1
302.788	 788	 6.12303e-017	 1
539	 779.268	 -1	 1.22461e-016
546.896	 779.25	 0.92388	 -0.382683
553.417	 776.417	 0.92388	 -0.382683
695.25	 819.396	 6.12303e-017	 1
693.333	 812	 6.12303e-017	 1
692.431	 804	 0.382683	 0.92388
693.096	 795.54	 -0.382683	 0.92388
695.801	 788	 6.12303e-017	 1
695.469	 780	 6.12303e-017	 1
695.528	 772	 -1.83691e-016	 -1
696.834	 764	 0.382683	 -0.92388
698.711	 756.13	 0.382683	 -0.92388
703.054	 750.054	 0.707107	 -0.707107
707.115	 745.115	 0.707107	 -0.707107
711.942	 739.942	 0.707107	 -0.707107
717.21	 735.21	 0.92388	 -0.382683
724.205	 730.205	 0.707107	 -0.707107
730.53	 725.073	 0.92388	 -0.382683
736.875	 719.875	 0.707107	 -0.707107
740.092	 712.038	 0.707107	 -0.707107
747.647	 708.647	 0.92388	 -0.382683
756	 709.5	 0.92388	 0.382683
721.319	 754.674	 0.382683	 -0.92388
718.044	 762.018	 0.707107	 -0.707107
721.455	 769.609	 -0.707107	 -0.707107
728.521	 773.311	 1	 0
735.836	 779.164	 0.707107	 0.707107
741.83	 785.17	 0.382683	 0.92388
746.961	 792.016	 0.382683	 0.92388
752.996	 797.004	 1	 0
159.5	 854	 -1	 1.22461e-016
167.654	 851.414	 -0.707107	 0.707107
169.231	 844.388	 -0.382683	 0.92388
173.69	 837.079	 -0.382683	 0.92388
176.795	 828.873	 -0.382683	 0.92388
179.317	 821.156	 -0.382683	 0.92388
183.676	 814.632	 -0.707107	 0.707107
910.75	 774.25	 -0.92388	 -0.382683
916.058	 780.976	 -0.382683	 -0.92388
918.699	 789	 0.382683	 0.92388
922.477	 796.509	 0.707107	 0.707107
210	 806.571	 -1	 1.22461e-016
218	 807.884	 -0.92388	 -0.382683
226	 808.723	 -1	 1.22461e-016
234	 808.08	 -1	 1.22461e-016
242	 806.882	 -1	 1.22461e-016
250.41	 805.283	 -0.92388	 0.382683
258.454	 802.388	 -0.92388	 0.382683
266.389	 799.232	 0.92388	 -0.382683
273.49	 795.975	 0.92388	 -0.382683
280.852	 795.857	 0.92388	 0.382683
288.383	 798.782	 0.92388	 0.382683
296.012	 801.471	 0.92388	 0.382683
303.601	 805.256	 0.92388	 0.382683
311.556	 809.365	 0.92388	 0.382683
318.981	 813.047	 0.92388	 0.382683
522.023	 799.556	 -0.92388	 0.382683
530.005	 797.987	 -1	 1.22461e-016
538.156	 798.876	 -0.92388	 0.382683
546.006	 798.485	 -1	 1.22461e-016
554	 798.976	 -1	 1.22461e-016
562.047	 800.106	 0.92388	 0.382683
568.54	 805.46	 0.92388	 0.382683
577	 805.364	 1	 0
707	 847.583	 1	 0
699	 846.216	 0.92388	 0.382683
691	 845.211	 1	 0
683	 844.398	 1	 0
675	 844.518	 1	 0
658.421	 826.034	 -0.92388	 0.382683
665.353	 820.939	 -0.382683	 0.92388
669.084	 814.704	 -0.707107	 0.707107
673.962	 808.962	 0.707107	 -0.707107
679.086	 803.086	 0.382683	 -0.92388
679.45	 796	 0.382683	 -0.92388
826.414	 835	 6.12303e-017	 1
825.524	 827.49	 6.12303e-017	 1
821.999	 820	 6.12303e-017	 1
822.025	 811.99	 -0.382683	 -0.92388
818.996	 804.502	 -1.83691e-016	 -1
818.083	 797	 -1.83691e-016	 -1
818.229	 789	 -1.83691e-016	 -1
816.088	 781.152	 -0.382683	 -0.92388
816.523	 772.491	 -1.83691e-016	 -1
815.942	 764	 -1.83691e-016	 -1
815.015	 756.756	 0.382683	 -0.92388
297.044	 862.393	 0.92388	 0.382683
291.75	 857	 6.12303e-017	 1
293.557	 849	 6.12303e-017	 1
296.5	 841.5	 -0.707107	 0.707107
301.075	 836.075	 -0.707107	 0.707107
305.965	 829.917	 -0.92388	 0.382683
313.93	 826.331	 -0.92388	 0.382683
320.5	 823	 0.92388	 -0.382683
408.77	 851	 6.12303e-017	 1
410.042	 842.518	 -0.382683	 0.92388
412.143	 835.059	 6.12303e-017	 1
413.971	 827	 6.12303e-017	 1
415.094	 819	 -1.83691e-016	 -1
415.253	 811	 -1.83691e-016	 -1
884.848	 833.846	 0.92388	 -0.382683
876.898	 836.254	 0.92388	 -0.382683
869.006	 839.014	 0.92388	 -0.382683
861	 840.359	 1	 0
550	 860.669	 -0.92388	 -0.382683
558	 861.876	 -1	 1.22461e-016
566	 863.868	 -1	 1.22461e-016
574	 864.835	 -1	 1.22461e-016
582	 865.492	 -1	 1.22461e-016
590.403	 865.267	 -1	 1.22461e-016
598.9	 863.759	 -0.92388	 0.382683
608.026	 861.562	 -0.92388	 0.382683
616.421	 859.808	 -0.92388	 0.382683
625.344	 858.124	 -1	 1.22461e-016
634.435	 856.344	 -0.92388	 0.382683
642.373	 854.194	 -0.92388	 0.382683
650.441	 851.358	 0.92388	 -0.382683
658.653	 848.369	 0.92388	 -0.382683
666.544	 846.105	 0.92388	 -0.382683
824	 831.607	 1	 0
815.904	 832.768	 0.92388	 -0.382683
808.765	 835.765	 0.92388	 -0.382683
803.166	 842.166	 0.707107	 -0.707107
798.94	 849.475	 0.382683	 -0.92388
795.335	 856.932	 -0.382683	 0.92388
791.952	 864.48	 -0.382683	 0.92388
788.327	 871.928	 -0.382683	 0.92388
785.275	 878.907	 -0.382683	 0.92388
781.405	 885.405	 -0.707107	 0.707107
776.761	 892.608	 -0.382683	 0.92388
773.923	 900.468	 -0.382683	 0.92388
770.607	 908.544	 6.12303e-017	 1
480	 865.053	 -1	 1.22461e-016
487.469	 862.924	 0.92388	 -0.382683
833.069	 904.818	 -0.707107	 0.707107
838.726	 899.161	 -0.707107	 0.707107
711.857	 857.941	 0.382683	 -0.92388
711.179	 866	 -1.83691e-016	 -1
711.512	 874	 -1.83691e-016	 -1
711.663	 882	 6.12303e-017	 1
711.562	 890	 6.12303e-017	 1
258.598	 939.369	 0.92388	 0.382683
254.07	 933.296	 -0.382683	 0.92388
258.42	 927.42	 -0.707107	 0.707107
264.435	 921.343	 -0.92388	 0.382683
271.486	 916.465	 -0.92388	 0.382683
278.017	 912.042	 -0.92388	 0.382683
285.927	 907.823	 -0.92388	 0.382683
293.908	 904.777	 -0.92388	 0.382683
302.065	 902.156	 -0.92388	 0.382683
313	 900.005	 -1	 1.22461e-016
321	 899.371	 -1	 1.22461e-016
329	 899.783	 -1	 1.22461e-016
337	 899.643	 -1	 1.22461e-016
345	 899.865	 -1	 1.22461e-016
353.034	 899.082	 -0.92388	 0.382683
361	 897.514	 -1	 1.22461e-016
369.061	 896.147	 -1	 1.22461e-016
377.072	 893.675	 -0.92388	 0.382683
384.352	 890.644	 -0.92388	 0.382683
392.05	 887.122	 0.92388	 -0.382683
399.941	 882.857	 0.92388	 -0.382683
407.991	 878.979	 0.92388	 -0.382683
416.054	 875.13	 0.92388	 -0.382683
423.951	 872.382	 1	 0
349.304	 934.531	 -0.92388	 0.382683
356.921	 930.921	 -0.92388	 0.382683
364.321	 925.419	 -0.92388	 0.382683
370.411	 920.411	 -0.92388	 0.382683
375.516	 914.038	 -0.92388	 0.382683
382.618	 911.185	 -0.92388	 0.382683
390.15	 907.861	 -0.92388	 0.382683
398.502	 907.004	 -1	 1.22461e-016
469	 938.584	 1	 0
461	 939.011	 1	 0
453	 939.019	 1	 0
445.962	 937.18	 0.92388	 0.382683
441.38	 931.45	 6.12303e-017	 1
444.861	 923.942	 -0.382683	 0.92388
448.985	 917.244	 -0.382683	 0.92388
449.833	 909	 6.12303e-017	 1
449.536	 901	 6.12303e-017	 1
450.383	 893	 6.12303e-017	 1
450.377	 885	 -0.382683	 -0.92388
518.328	 881	 -1.83691e-016	 -1
518.964	 889	 6.12303e-017	 1
519.821	 897	 6.12303e-017	 1
521.232	 905	 6.12303e-017	 1
522.919	 913	 6.12303e-017	 1
523.169	 921	 6.12303e-017	 1
522.357	 929	 -0.382683	 0.92388
516.584	 933.818	 -0.92388	 0.382683
509	 936.996	 -1	 1.22461e-016
501	 937.004	 -1	 1.22461e-016
647.15	 931.764	 -0.92388	 0.382683
653.371	 926.947	 -0.382683	 0.92388
657.46	 919.46	 -0.707107	 0.707107
662.718	 912.383	 -0.707107	 0.707107
668.188	 906	 -0.382683	 0.92388
706.026	 865.026	 0.707107	 -0.707107
700.274	 871.274	 0.707107	 -0.707107
695.976	 876.49	 0.707107	 -0.707107
690.699	 882.875	 0.707107	 -0.707107
685.392	 889.392	 -0.707107	 0.707107
679.088	 895.088	 -0.707107	 0.707107
585.625	 910.948	 6.12303e-017	 1
582.028	 904	 6.12303e-017	 1
581.451	 896	 0.382683	 -0.92388
587.136	 890.056	 0.382683	 -0.92388
594.827	 885.827	 0.92388	 -0.382683
580.017	 930.838	 -0.92388	 0.382683
587.408	 927.777	 -0.92388	 0.382683
594.093	 923.093	 -0.92388	 0.382683
598.97	 918.97	 -0.707107	 0.707107
604.045	 913.045	 -0.707107	 0.707107
610.458	 907.399	 -0.92388	 0.382683
617.002	 903.006	 -0.92388	 0.382683
624.54	 898.595	 0.92388	 -0.382683
631.516	 895.039	 0.92388	 -0.382683
774	 914.308	 -1	 1.22461e-016
782.297	 913.615	 -0.92388	 0.382683
789.882	 911.282	 0.92388	 -0.382683
400.377	 910	 -1.83691e-016	 -1
400.05	 918	 -1.83691e-016	 -1
399.815	 926	 -1.83691e-016	 -1
400.143	 934	 6.12303e-017	 1
22.8209	 565.12	 -0.707107	 -0.707107
30	 567.788	 -0.92388	 -0.382683
38.023	 568.944	 1	 0
45.9852	 567.464	 1	 0
35	 622.083	 -1	 1.22461e-016
43	 624.243	 -0.92388	 -0.382683
51.8929	 623.107	 -0.92388	 -0.382683
58.0888	 627.214	 -0.92388	 0.382683
65.4172	 625.3	 -0.92388	 0.382683
73	 624.8	 1	 0
81.5355	 623.086	 0.92388	 -0.382683
89.4827	 620.958	 1	 0
74.2813	 750.84	 0.382683	 0.92388
71.2198	 743.449	 0.382683	 0.92388
68.1583	 736.058	 0.382683	 0.92388
65.0969	 728.667	 0.382683	 0.92388
61.1617	 720.543	 0.382683	 0.92388
62.0888	 713.714	 -0.707107	 0.707107
106.088	 723.712	 1	 0
98.6955	 726.419	 0.92388	 -0.382683
90.9885	 728.972	 0.92388	 -0.382683
83.5552	 730.367	 -0.92388	 -0.382683
79.5833	 723.417	 -0.382683	 -0.92388
76.75	 716	 -0.382683	 -0.92388
77.1522	 306.449	 -0.92388	 -0.382683
83.9792	 308.021	 -0.92388	 -0.382683
90	 312.167	 -0.92388	 -0.382683
98	 314.5	 0.92388	 0.382683
103.55	 319.45	 0.92388	 0.382683
84.0551	 670.11	 6.12303e-017	 1
87	 663	 -0.92388	 0.382683
93.3861	 658.275	 -1	 1.22461e-016
101.474	 658.063	 0.92388	 0.382683
114.469	 436.575	 1	 0
107.911	 433.714	 -0.92388	 -0.382683
100.948	 429.625	 -1	 1.22461e-016
92.5828	 431.7	 -0.92388	 0.382683
150.396	 315.25	 0.707107	 -0.707107
143.632	 314.935	 -0.92388	 -0.382683
135.784	 315.7	 -1	 1.22461e-016
128.551	 315.378	 -0.92388	 -0.382683
121	 315.583	 -1	 1.22461e-016
127.027	 823.565	 -1	 1.22461e-016
134.172	 820.578	 -0.707107	 0.707107
140.528	 815.568	 -0.92388	 0.382683
147.713	 812.712	 -0.92388	 0.382683
154.934	 808.341	 -0.92388	 0.382683
162	 805.625	 1	 0
171	 805.237	 1	 0
179	 805.202	 1	 0
192	 664.354	 -0.92388	 -0.382683
200	 664.799	 1	 0
198.355	 283.192	 -0.382683	 -0.92388
201.417	 290.583	 -0.707107	 -0.707107
207.16	 296.84	 -0.707107	 -0.707107
212.419	 302.581	 0.707107	 0.707107
216	 309.5	 0.382683	 0.92388
219.982	 317.007	 0.382683	 0.92388
224.375	 323.552	 0.382683	 0.92388
216.662	 600	 -0.382683	 0.92388
219.575	 592.031	 -0.382683	 0.92388
222.463	 584.984	 -0.382683	 0.92388
224.75	 577	 6.12303e-017	 1
223.112	 569.304	 -0.382683	 -0.92388
226.464	 323.536	 -0.707107	 -0.707107
234	 327.714	 -0.92388	 -0.382683
254	 441.214	 1	 0
245.985	 439.536	 0.92388	 0.382683
238.928	 437.071	 0.92388	 0.382683
231.362	 433.768	 -0.92388	 -0.382683
223.971	 430.706	 -0.92388	 -0.382683
216	 431.417	 -1	 1.22461e-016
208	 429.9	 -1	 1.22461e-016
250.607	 910	 6.12303e-017	 1
251.5	 902	 0.382683	 -0.92388
255	 894	 -1.83691e-016	 -1
255.643	 886	 -1.83691e-016	 -1
257.473	 497	 -1.83691e-016	 -1
259.417	 505.465	 -1.83691e-016	 -1
261.618	 514	 0.382683	 0.92388
266.212	 520.412	 0.382683	 0.92388
268.739	 528	 6.12303e-017	 1
272.448	 592.875	 0.707107	 -0.707107
265	 594.75	 1	 0
257	 594.833	 -1	 1.22461e-016
248	 598.131	 -0.92388	 0.382683
241.14	 603.838	 -1	 1.22461e-016
233.892	 607.742	 -0.92388	 0.382683
249.437	 677.437	 -0.707107	 0.707107
256	 673.55	 -0.92388	 0.382683
264	 671.799	 1	 0
304.555	 401.445	 -0.382683	 -0.92388
309.299	 406.701	 -0.707107	 -0.707107
315.333	 412.569	 0.707107	 0.707107
320.625	 418.375	 0.707107	 0.707107
327	 421.563	 1	 0
333.745	 420.602	 0.382683	 -0.92388
306.962	 596.484	 -0.382683	 0.92388
310.693	 588.58	 -0.382683	 0.92388
310.122	 581.656	 -0.382683	 -0.92388
308.5	 573	 0.382683	 -0.92388
334.3	 761	 -1.83691e-016	 -1
335.214	 768.411	 0.382683	 0.92388
339.506	 775.998	 0.382683	 0.92388
342.861	 783.139	 0.382683	 0.92388
348.825	 787.788	 1	 0
357	 786.25	 1	 0
347.414	 286	 0.382683	 -0.92388
348.114	 293.453	 -0.382683	 -0.92388
351.75	 301	 6.12303e-017	 1
354.604	 309.457	 0.382683	 0.92388
366.534	 448.417	 -1	 1.22461e-016
373.959	 451.6	 -1	 1.22461e-016
381.436	 453.656	 1	 0
389	 455.163	 1	 0
433.707	 661.086	 -1.83691e-016	 -1
430.544	 668.107	 0.707107	 -0.707107
423.59	 672.217	 0.92388	 -0.382683
416	 675.595	 -1	 1.22461e-016
408	 677.413	 -0.92388	 0.382683
446.006	 553.986	 0.92388	 0.382683
438	 551.563	 1	 0
430.42	 547.692	 1	 0
423.1	 544.759	 -1	 1.22461e-016
416.576	 549.118	 -0.707107	 0.707107
417.161	 804.161	 -0.92388	 0.382683
421.892	 797.892	 -0.707107	 0.707107
427.135	 791.825	 -0.707107	 0.707107
433.123	 785.844	 -0.382683	 0.92388
433.018	 777.993	 0.382683	 0.92388
427.323	 771.366	 -0.382683	 -0.92388
425.533	 763.986	 -1.83691e-016	 -1
422.786	 757.089	 -1.83691e-016	 -1
439.152	 478.856	 -0.382683	 0.92388
440.316	 471	 -1.83691e-016	 -1
527	 417.591	 1	 0
519	 417.901	 1	 0
511	 418.435	 1	 0
503	 418.62	 -1	 1.22461e-016
495	 418.558	 -1	 1.22461e-016
549.385	 666	 6.12303e-017	 1
551.568	 658	 -0.382683	 0.92388
551.995	 650	 6.12303e-017	 1
580.696	 644.362	 0.92388	 0.382683
573	 644.562	 1	 0
565.442	 643.139	 -0.92388	 -0.382683
557.537	 641.012	 -0.92388	 -0.382683
571.459	 455.1	 -0.707107	 -0.707107
580	 457.063	 -1	 1.22461e-016
588.307	 458.693	 -0.92388	 -0.382683
592.296	 465.585	 -0.382683	 -0.92388
596.204	 472.237	 0.707107	 0.707107
602.728	 476.596	 0.92388	 0.382683
609.902	 479.736	 1	 0
618	 480.917	 1	 0
626	 480.293	 1	 0
645	 837.737	 1	 0
637	 837.657	 1	 0
629.604	 835.75	 0.92388	 0.382683
622.03	 832.428	 0.92388	 0.382683
615	 829.64	 1	 0
607	 828.683	 0.92388	 0.382683
598.442	 830.86	 0.92388	 -0.382683
591.164	 832.396	 -0.92388	 0.382683
583	 833.798	 -0.92388	 0.382683
575.152	 835.148	 -0.92388	 0.382683
588.34	 541.066	 -1.83691e-016	 -1
592.786	 547.589	 -0.382683	 -0.92388
596.492	 553.503	 -0.707107	 -0.707107
600.596	 560.96	 -0.382683	 -0.92388
604.491	 567.504	 -0.382683	 -0.92388
608.143	 574	 6.12303e-017	 1
624.663	 131.105	 -0.382683	 0.92388
630.382	 125.214	 -0.92388	 0.382683
637.965	 119.917	 -0.92388	 0.382683
646	 115.929	 1	 0
654	 115.467	 1	 0
662	 117.75	 0.92388	 0.382683
640.129	 896.189	 -0.92388	 -0.382683
648	 897.735	 0.92388	 0.382683
668.586	 285.312	 -0.707107	 -0.707107
674.917	 289.201	 0.92388	 0.382683
681.304	 293.696	 0.707107	 0.707107
685.214	 299.911	 6.12303e-017	 1
684.694	 308	 -0.382683	 0.92388
755.696	 98.5943	 1	 0
747.848	 99.3596	 0.92388	 -0.382683
740.5	 97.5	 0.92388	 0.382683
733.862	 95.6667	 0.92388	 -0.382683
726.583	 100.7	 0.707107	 -0.707107
719	 104.775	 1	 0
710.549	 106.119	 1	 0
703.046	 107.111	 0.92388	 -0.382683
695	 108.833	 0.92388	 -0.382683
687.137	 113.137	 0.92388	 -0.382683
682.933	 116.933	 -0.382683	 0.92388
675.732	 120.732	 -1	 1.22461e-016
668	 120.5	 -0.92388	 -0.382683
766	 910.602	 1	 0
758.133	 910.678	 0.92388	 0.382683
750	 909.647	 1	 0
743.02	 907.451	 0.92388	 0.382683
735.526	 904.438	 0.92388	 0.382683
728.689	 902.043	 0.92388	 0.382683
720.542	 898.399	 -0.92388	 -0.382683
737.002	 375.414	 -0.707107	 0.707107
738.403	 369	 6.12303e-017	 1
738.825	 360	 0.382683	 -0.92388
744.469	 355.469	 0.707107	 -0.707107
813	 409.724	 1	 0
804.969	 411.925	 0.92388	 -0.382683
797.066	 413.659	 0.92388	 -0.382683
789.245	 417.245	 0.92388	 -0.382683
782.06	 423.644	 1	 0
774.035	 427.583	 0.92388	 -0.382683
766.931	 431.333	 0.92388	 -0.382683
758.314	 433.45	 -0.92388	 -0.382683
750	 433.965	 -1	 1.22461e-016
741.871	 436.688	 -0.92388	 0.382683
794	 502.63	 -1	 1.22461e-016
802	 503.215	 1	 0
810	 503.631	 1	 0
818	 503.205	 0.92388	 -0.382683
821	 497	 -1.83691e-016	 -1
824.206	 490.206	 0.92388	 -0.382683
795.752	 730.983	 -0.707107	 0.707107
798.321	 724	 -1.83691e-016	 -1
803.099	 716.541	 0.707107	 -0.707107
810.583	 711.583	 0.707107	 -0.707107
806.514	 340.967	 -0.92388	 -0.382683
814.055	 343.867	 0.92388	 0.382683
821.374	 348.511	 0.707107	 0.707107
817.35	 881.65	 -0.92388	 -0.382683
823.389	 886.768	 -0.707107	 -0.707107
831.51	 887.025	 1	 0
813.507	 625.507	 -0.382683	 0.92388
820.384	 622.213	 -0.707107	 0.707107
826.356	 616.356	 -0.707107	 0.707107
831.427	 610.427	 -0.707107	 0.707107
836.691	 603.691	 -0.707107	 0.707107
842.424	 597.424	 0.707107	 -0.707107
848.968	 592.423	 0.92388	 -0.382683
854.688	 587.125	 0.707107	 -0.707107
838.184	 780.848	 -0.382683	 0.92388
838.404	 773	 0.382683	 0.92388
835.851	 765.562	 -0.382683	 -0.92388
832.063	 757.474	 -0.382683	 -0.92388
828.333	 750.069	 -0.382683	 -0.92388
868.994	 252.486	 0.92388	 -0.382683
860.612	 252.729	 -0.707107	 -0.707107
857.536	 245.985	 -0.382683	 -0.92388
854.288	 238.088	 -0.382683	 -0.92388
879.875	 396.552	 0.382683	 0.92388
877.702	 389	 6.12303e-017	 1
878.917	 381	 -1.83691e-016	 -1
879.438	 372.474	 -1.83691e-016	 -1
879.848	 363.937	 -1.83691e-016	 -1
880.29	 356.129	 -0.382683	 -0.92388
865.948	 795.625	 -1	 1.22461e-016
872.5	 799.5	 -0.707107	 -0.707107
879.917	 803.2	 1	 0
923.54	 734.403	 -1	 1.22461e-016
930.6	 738.459	 -0.382683	 -0.92388
933.833	 746.069	 -0.382683	 -0.92388
936.218	 754.159	 -0.382683	 -0.92388
938.557	 762	 6.12303e-017	 1
943.605	 767.594	 0.92388	 0.382683
413	 82.352	 -1	 1.22461e-016
421	 82.352	 -1	 1.22461e-016
429	 82.352	 -1	 1.22461e-016
791.362	 330.016	 0.382683	 0.92388
795.542	 336.983	 6.12303e-017	 1
435	 82.352	 -1	 1.22461e-016
443	 82.352	 -1	 1.22461e-016
451	 82.352	 -1	 1.22461e-016
459	 82.352	 -1	 1.22461e-016
467	 82.352	 -1	 1.22461e-016
475	 82.352	 -1	 1.22461e-016
483	 82.0767	 -1	 1.22461e-016
491	 82.0166	 -1	 1.22461e-016
499	 82.0101	 -1	 1.22461e-016
507	 82.0103	 -1	 1.22461e-016
515	 82.0104	 -1	 1.22461e-016
521.787	 83.7856	 -0.92388	 -0.382683
527.877	 88.7936	 -0.707107	 -0.707107
533.343	 95	 -0.382683	 -0.92388
536.773	 102.887	 0.382683	 0.92388
538.313	 110.871	 6.12303e-017	 1
537.25	 118.896	 6.12303e-017	 1
261.457	 84.6481	 -1	 1.22461e-016
269.304	 83.8827	 -1	 1.22461e-016
277.304	 83.8827	 -1	 1.22461e-016
285.304	 83.8827	 -1	 1.22461e-016
293.304	 83.8827	 -1	 1.22461e-016
297.304	 83.8827	 -1	 1.22461e-016
305.304	 83.8827	 -1	 1.22461e-016
313.152	 83.1173	 -1	 1.22461e-016
321.152	 83.1173	 -1	 1.22461e-016
329.152	 83.1173	 -1	 1.22461e-016
337.152	 83.1173	 -1	 1.22461e-016
345.152	 83.1173	 -1	 1.22461e-016
353.152	 83.1173	 -1	 1.22461e-016
361.152	 83.1173	 -1	 1.22461e-016
369.152	 83.1173	 -1	 1.22461e-016
377.152	 83.1173	 -1	 1.22461e-016
385.152	 83.1173	 -1	 1.22461e-016
393.152	 83.1173	 -1	 1.22461e-016
401	 82.352	 -1	 1.22461e-016
409	 82.352	 -1	 1.22461e-016
465	 161	 0.92388	 0.382683
462.286	 153.882	 6.12303e-017	 1
459.943	 146.057	 0.382683	 0.92388
453.102	 139.458	 0.382683	 0.92388
451.571	 132.47	 0.382683	 0.92388
449.4	 124.541	 0.382683	 0.92388
446.778	 116.385	 0.382683	 0.92388
444.663	 109.139	 0.382683	 0.92388
441.438	 101.319	 0.382683	 0.92388
438.788	 94	 -0.382683	 -0.92388
434.238	 87.3204	 -0.92388	 -0.382683
286	 150.5	 6.12303e-017	 1
281.4	 158	 -0.382683	 -0.92388
281	 166	 0.382683	 0.92388
426.459	 171.1	 0.92388	 0.382683
435	 171.417	 0.92388	 -0.382683
442	 170.013	 1	 0
708	 198.381	 1	 0
700.535	 195.294	 0.707107	 0.707107
692.209	 191.018	 0.382683	 0.92388
688.042	 184.958	 0.707107	 0.707107
682.607	 179.393	 0.382683	 0.92388
677.304	 173.374	 0.382683	 0.92388
672.153	 166.144	 0.382683	 0.92388
668.119	 157.951	 6.12303e-017	 1
665.125	 149.948	 0.382683	 0.92388
662.894	 142	 0.382683	 0.92388
662.333	 134	 6.12303e-017	 1
664.929	 126	 6.12303e-017	 1
444	 169.536	 0.92388	 -0.382683
451.574	 166.179	 1	 0
459.948	 164.375	 0.92388	 -0.382683
538	 161.537	 1	 0
529	 160.5	 1	 0
520.655	 159.375	 1	 0
512	 158.629	 1	 0
504	 159.765	 1	 0
737.948	 220.626	 0.92388	 0.382683
730.948	 216.125	 0.92388	 0.382683
723.136	 211.864	 0.92388	 0.382683
717.955	 208.045	 0.707107	 0.707107
711.74	 203.26	 0.707107	 0.707107
748.875	 208	 6.12303e-017	 1
742.025	 214.025	 -0.92388	 0.382683
343.972	 201.568	 0.92388	 0.382683
352	 201.46	 0.92388	 -0.382683
359.459	 198.4	 0.92388	 -0.382683
366.615	 194.278	 0.92388	 -0.382683
368.4	 193.758	 0.92388	 -0.382683
375.965	 191.417	 0.92388	 -0.382683
383.632	 187.319	 1	 0
391.645	 182.85	 0.92388	 -0.382683
400	 180.714	 0.92388	 -0.382683
408	 179.367	 1	 0
416	 176.2	 0.92388	 -0.382683
423	 172.5	 0.92388	 0.382683
502.42	 160.307	 1	 0
494	 160.469	 1	 0
486	 161.086	 0.92388	 -0.382683
478	 161.931	 1	 0
470.426	 163.321	 1	 0
638.1	 229.9	 0.92388	 0.382683
633.971	 221.512	 0.382683	 0.92388
628.964	 215.015	 0.382683	 0.92388
623.667	 207.431	 -0.382683	 -0.92388
617.25	 201.604	 -0.707107	 -0.707107
611.99	 196.01	 -0.92388	 -0.382683
606.475	 182.562	 1	 0
600.5	 176	 1	 0
593.731	 173.269	 0.92388	 0.382683
585.462	 169.093	 0.707107	 0.707107
578	 164.667	 0.92388	 0.382683
569.543	 165.407	 0.92388	 0.382683
562.044	 163.107	 1	 0
553.604	 160.25	 1	 0
546	 161.975	 1	 0
299.92	 371.692	 -0.92388	 -0.382683
308	 373.114	 -1	 1.22461e-016
316	 373.471	 -1	 1.22461e-016
324	 374.069	 -1	 1.22461e-016
332	 374.144	 -1	 1.22461e-016
259.396	 232.75	 -0.92388	 0.382683
250	 235.619	 -0.92388	 0.382683
242.666	 237.4	 -0.92388	 0.382683
235.581	 241.194	 -0.92388	 0.382683
228.456	 244.893	 -0.92388	 0.382683
220.604	 247.25	 -0.92388	 0.382683
212.431	 248.833	 -0.92388	 0.382683
204.06	 251.144	 -0.92388	 0.382683
538.688	 258.688	 -0.382683	 0.92388
543.073	 255.073	 -0.707107	 0.707107
548.642	 249.642	 -0.707107	 0.707107
555.421	 243.81	 -0.92388	 0.382683
563.033	 239.079	 -0.92388	 0.382683
571	 235.634	 1	 0
579.068	 233.164	 0.92388	 -0.382683
587	 233.089	 1	 0
595.581	 233.306	 0.92388	 0.382683
603	 233.607	 1	 0
611	 233.571	 1	 0
619	 233.75	 1	 0
627	 232.4	 1	 0
494.438	 254	 6.12303e-017	 1
493.513	 246	 6.12303e-017	 1
493.056	 238	 0.382683	 0.92388
493.167	 229.862	 -1.83691e-016	 -1
492.778	 222	 -0.382683	 -0.92388
488.026	 215.438	 -0.92388	 -0.382683
362.968	 247.922	 -1	 1.22461e-016
369.528	 243.012	 6.12303e-017	 1
372.171	 236	 6.12303e-017	 1
373.731	 228	 6.12303e-017	 1
374.139	 220	 -1.83691e-016	 -1
374.521	 212	 -1.83691e-016	 -1
372.65	 203.938	 -0.382683	 -0.92388
432.344	 261	 -0.382683	 0.92388
431.887	 253.34	 6.12303e-017	 1
430.92	 244.848	 0.382683	 0.92388
429.354	 237	 0.382683	 0.92388
427.442	 228.524	 0.382683	 0.92388
426.542	 219.983	 -1.83691e-016	 -1
425.617	 212	 -1.83691e-016	 -1
425.125	 204	 -1.83691e-016	 -1
424.327	 196	 -0.382683	 -0.92388
886.89	 280	 6.12303e-017	 1
883.909	 287.962	 6.12303e-017	 1
881.5	 296	 -0.382683	 0.92388
878.843	 303.642	 6.12303e-017	 1
874.9	 312.959	 -0.382683	 0.92388
870.536	 320.515	 -0.382683	 0.92388
865.35	 327.35	 -0.707107	 0.707107
859.074	 331.679	 -0.92388	 0.382683
852.586	 336.106	 -0.92388	 0.382683
845.195	 339.168	 -0.92388	 0.382683
837.345	 340.625	 -0.92388	 0.382683
831.017	 344.248	 -0.707107	 0.707107
189	 362.722	 -1	 1.22461e-016
197	 362.65	 -1	 1.22461e-016
205	 362.25	 -1	 1.22461e-016
213	 362.083	 -1	 1.22461e-016
221	 361.8	 -1	 1.22461e-016
229	 362.264	 -1	 1.22461e-016
237	 362.559	 -1	 1.22461e-016
245	 363.343	 -1	 1.22461e-016
252.921	 364.19	 -0.92388	 -0.382683
196	 253.15	 -1	 1.22461e-016
187.631	 253.817	 -0.92388	 0.382683
180	 254.709	 -1	 1.22461e-016
172	 254.286	 -1	 1.22461e-016
164	 255.333	 -0.92388	 -0.382683
156	 254.993	 -1	 1.22461e-016
149	 253.25	 -0.92388	 -0.382683
140	 253.262	 -1	 1.22461e-016
132	 251.3	 -0.92388	 -0.382683
124	 250.614	 -1	 1.22461e-016
116	 250.417	 -1	 1.22461e-016
108	 250.667	 -1	 1.22461e-016
100.586	 247.677	 -0.707107	 -0.707107
97.5154	 241.152	 0.382683	 -0.92388
100.577	 233.761	 0.382683	 -0.92388
103.638	 226.37	 0.382683	 -0.92388
106.7	 218.979	 0.382683	 -0.92388
392.562	 263.35	 -0.92388	 -0.382683
400.981	 264.046	 -1	 1.22461e-016
409	 265.025	 -1	 1.22461e-016
417	 265.432	 -1	 1.22461e-016
425.106	 264.756	 -0.92388	 0.382683
472.505	 263.989	 1	 0
464	 263.772	 1	 0
456	 262.547	 1	 0
448	 262.133	 1	 0
440	 261.9	 -1	 1.22461e-016
799.222	 361	 6.12303e-017	 1
802.284	 369.089	 0.382683	 0.92388
806.487	 377.006	 0.382683	 0.92388
810.547	 383.98	 0.382683	 0.92388
814.209	 390.913	 0.382683	 0.92388
818.414	 397.036	 0.382683	 0.92388
819.5	 404.238	 -0.382683	 0.92388
259	 364.986	 -1	 1.22461e-016
267	 365.751	 -1	 1.22461e-016
275.095	 366.77	 -0.92388	 -0.382683
283	 368.354	 -1	 1.22461e-016
291	 369.771	 -0.92388	 -0.382683
366	 369.59	 -0.92388	 0.382683
374	 369.45	 -1	 1.22461e-016
382	 369.315	 -1	 1.22461e-016
390	 368.747	 -1	 1.22461e-016
398	 368.516	 -1	 1.22461e-016
406	 367.977	 -1	 1.22461e-016
414	 367.845	 -1	 1.22461e-016
624.5	 330.5	 0.92388	 0.382683
622.288	 321.588	 0.382683	 0.92388
619.798	 314.583	 0.382683	 0.92388
617.837	 307.36	 6.12303e-017	 1
615.813	 300	 6.12303e-017	 1
617.646	 292.56	 -0.382683	 0.92388
620.097	 285.333	 0.382683	 -0.92388
620.6	 278.459	 -1.83691e-016	 -1
705	 341.183	 0.92388	 -0.382683
697	 341.95	 1	 0
589.791	 338.289	 1	 0
598	 337	 0.92388	 -0.382683
606	 335.5	 0.92388	 -0.382683
613.837	 333.107	 0.92388	 -0.382683
622	 331.74	 1	 0
582.035	 345.085	 0.92388	 -0.382683
589.92	 341.807	 0.92388	 -0.382683
693	 342.253	 1	 0
684	 341.958	 1	 0
676	 341.396	 1	 0
668	 339.956	 1	 0
660	 338.018	 0.92388	 0.382683
652.458	 336.101	 1	 0
644	 334.986	 1	 0
636.005	 333.488	 1	 0
628	 331.903	 1	 0
591	 431.888	 0.92388	 0.382683
583	 430.47	 1	 0
904.782	 401.41	 -0.382683	 0.92388
901.96	 409.483	 -0.382683	 0.92388
899.325	 417.428	 -0.382683	 0.92388
897.838	 426	 6.12303e-017	 1
896.578	 434	 6.12303e-017	 1
895.471	 442	 6.12303e-017	 1
894.241	 450	 6.12303e-017	 1
891.707	 458.586	 -0.382683	 0.92388
885.012	 464.03	 -0.92388	 0.382683
877.723	 466.437	 -0.92388	 0.382683
870.024	 468.456	 -1	 1.22461e-016
130.863	 357.83	 -1	 1.22461e-016
139	 359.646	 -1	 1.22461e-016
147	 360.979	 -0.92388	 -0.382683
155	 362.283	 -1	 1.22461e-016
163	 362.64	 -1	 1.22461e-016
171	 363.007	 -1	 1.22461e-016
178.618	 363.286	 -1	 1.22461e-016
187	 362.714	 -1	 1.22461e-016
277.983	 551.017	 0.707107	 0.707107
281.917	 557.534	 0.382683	 0.92388
286.386	 565.547	 0.382683	 0.92388
290.567	 573.472	 0.382683	 0.92388
295.428	 580.53	 0.382683	 0.92388
299.699	 587.418	 0.382683	 0.92388
303.288	 594.588	 0.382683	 0.92388
336	 374.085	 -1	 1.22461e-016
344	 371.925	 -1	 1.22461e-016
352	 371.031	 -1	 1.22461e-016
360	 370.581	 -1	 1.22461e-016
416	 367.783	 -1	 1.22461e-016
424	 366.479	 -1	 1.22461e-016
432	 365.039	 -1	 1.22461e-016
440.118	 363.785	 -0.92388	 0.382683
447.986	 360.965	 -0.92388	 0.382683
456.042	 358.101	 -0.92388	 0.382683
463.948	 354.373	 -0.92388	 0.382683
471.987	 349.969	 -0.92388	 0.382683
479.046	 344.046	 -0.92388	 0.382683
483.04	 340.04	 -0.707107	 0.707107
487.365	 334.944	 -0.382683	 0.92388
491.592	 327.538	 -0.707107	 0.707107
496.226	 321.226	 -0.707107	 0.707107
500.649	 315.062	 -0.382683	 0.92388
505.158	 308.158	 -0.707107	 0.707107
510.033	 302.033	 -0.707107	 0.707107
514.822	 296.822	 -0.707107	 0.707107
518.971	 291.971	 -0.707107	 0.707107
524.27	 284.905	 -0.382683	 0.92388
528.635	 278.056	 -0.382683	 0.92388
532.81	 270.421	 -0.382683	 0.92388
536.917	 262.465	 -0.382683	 0.92388
574.848	 429.152	 0.92388	 0.382683
572.673	 420.928	 0.382683	 0.92388
571.622	 413	 6.12303e-017	 1
571.053	 405	 6.12303e-017	 1
572.506	 397.503	 -0.382683	 0.92388
575.036	 390	 6.12303e-017	 1
574.737	 382	 6.12303e-017	 1
574.647	 374.061	 6.12303e-017	 1
576.97	 365.988	 -0.382683	 0.92388
580.003	 358.001	 0.382683	 -0.92388
581.888	 350	 0.382683	 -0.92388
883.899	 508.042	 6.12303e-017	 1
882.405	 515.961	 -0.382683	 0.92388
880.344	 523.435	 -0.382683	 0.92388
876.5	 530.5	 -0.382683	 0.92388
873.613	 538.047	 -0.382683	 0.92388
872.071	 546.029	 6.12303e-017	 1
483.019	 390.546	 -0.92388	 0.382683
490.996	 386.991	 -0.92388	 0.382683
497.003	 382.003	 -0.707107	 0.707107
502.803	 376.126	 -0.382683	 0.92388
507.048	 369.048	 -0.707107	 0.707107
514.052	 364.125	 -0.92388	 0.382683
522.026	 361.563	 -0.92388	 0.382683
529.955	 358.891	 -0.92388	 0.382683
537.921	 355.808	 -0.92388	 0.382683
546	 352.475	 -0.92388	 0.382683
553.971	 349.431	 0.92388	 -0.382683
562	 348.065	 1	 0
570	 347.368	 0.92388	 -0.382683
578.039	 346.094	 1	 0
686.877	 375.656	 -0.382683	 0.92388
683.631	 383.054	 -0.382683	 0.92388
679.126	 389.126	 -0.382683	 0.92388
674.118	 396.118	 -0.382683	 0.92388
669.44	 402.475	 -0.707107	 0.707107
760	 484.917	 1	 0
752	 485.475	 1	 0
744	 485.554	 1	 0
736	 484.774	 1	 0
728	 483.556	 1	 0
407.509	 464.504	 -0.382683	 0.92388
411.695	 456.581	 -0.382683	 0.92388
415.873	 449.154	 -0.382683	 0.92388
419.931	 441.972	 -0.382683	 0.92388
422.818	 434.925	 -0.382683	 0.92388
425.025	 427.51	 -0.382683	 0.92388
428.894	 419.894	 -0.382683	 0.92388
434.337	 413.337	 -0.707107	 0.707107
440.133	 407.133	 -0.707107	 0.707107
446.47	 401.426	 -0.92388	 0.382683
454.056	 397.136	 -0.92388	 0.382683
462	 394.057	 -1	 1.22461e-016
470	 393.48	 -1	 1.22461e-016
477.449	 392.377	 -0.92388	 0.382683
180.125	 401.655	 0.382683	 0.92388
184.344	 409.565	 0.382683	 0.92388
189.459	 415.517	 0.382683	 0.92388
193.877	 423.051	 0.382683	 0.92388
724.311	 429.871	 0.382683	 0.92388
729.52	 435.48	 0.707107	 0.707107
628.604	 411	 6.12303e-017	 1
628.816	 419	 0.382683	 0.92388
630.82	 426	 6.12303e-017	 1
535.077	 422.314	 0.707107	 0.707107
555.16	 426.614	 0.92388	 0.382683
547	 424.946	 1	 0
538.563	 424.849	 1	 0
297.669	 409.321	 -0.382683	 0.92388
295.429	 416.971	 6.12303e-017	 1
295.165	 425	 6.12303e-017	 1
294.54	 433	 -0.382683	 0.92388
291.823	 439.634	 -0.382683	 0.92388
291.186	 441.37	 -0.382683	 0.92388
288.206	 449.378	 6.12303e-017	 1
288.211	 457	 6.12303e-017	 1
286.594	 465.039	 6.12303e-017	 1
286.105	 472.988	 0.382683	 0.92388
285.402	 481	 6.12303e-017	 1
730.356	 437.644	 0.92388	 0.382683
846.296	 426.157	 0.382683	 0.92388
847.912	 433.696	 0.382683	 0.92388
849.132	 441.945	 0.382683	 0.92388
851.347	 449.563	 0.382683	 0.92388
854.253	 457.602	 0.382683	 0.92388
857.877	 465.259	 0.382683	 0.92388
860.625	 472.448	 0.382683	 0.92388
898.047	 491.848	 -0.382683	 0.92388
899.132	 483.347	 -0.382683	 0.92388
903.067	 476.662	 -0.707107	 0.707107
910.629	 473.629	 -0.92388	 0.382683
916.936	 468.936	 -0.707107	 0.707107
922.968	 463.968	 -0.707107	 0.707107
929.105	 458.105	 -0.707107	 0.707107
935.577	 452.185	 -0.707107	 0.707107
941.969	 446.969	 -0.92388	 0.382683
947.958	 442.983	 -0.707107	 0.707107
952.736	 435.891	 -0.707107	 0.707107
957.679	 428.679	 -0.707107	 0.707107
962.25	 421.896	 -0.382683	 0.92388
965.037	 414.015	 -0.382683	 0.92388
968.579	 406.533	 -0.382683	 0.92388
972.469	 398.487	 -0.382683	 0.92388
976.221	 391.592	 -0.382683	 0.92388
980.672	 384.571	 0.382683	 -0.92388
984.044	 377.018	 0.382683	 -0.92388
988.019	 369.508	 0.382683	 -0.92388
870.472	 550	 6.12303e-017	 1
870.965	 558	 6.12303e-017	 1
869.338	 565.89	 -0.382683	 0.92388
866.276	 573.282	 -0.382683	 0.92388
862.424	 580.426	 -0.382683	 0.92388
258	 456.563	 -1	 1.22461e-016
250.445	 453.633	 -0.92388	 -0.382683
242	 452.3	 -1	 1.22461e-016
720	 482.564	 1	 0
712	 482.97	 1	 0
704	 484.089	 1	 0
696.143	 485.846	 0.92388	 -0.382683
688	 487.525	 1	 0
680	 488.767	 1	 0
672	 489.651	 1	 0
664	 490.155	 1	 0
656	 490.565	 1	 0
465.141	 667.161	 0.92388	 0.382683
472.936	 670.653	 0.92388	 0.382683
480.985	 674.037	 0.92388	 0.382683
489.093	 676.776	 0.92388	 0.382683
496.931	 678.668	 0.92388	 0.382683
504.913	 680.711	 0.92388	 0.382683
402.833	 479.517	 -0.707107	 0.707107
405.432	 472	 6.12303e-017	 1
861.418	 474.034	 0.382683	 0.92388
867.742	 479.258	 0.382683	 0.92388
871.857	 487.059	 0.382683	 0.92388
875.664	 494.14	 0.382683	 0.92388
880.274	 501.344	 0.382683	 0.92388
285.579	 489	 6.12303e-017	 1
283.755	 497	 6.12303e-017	 1
284.454	 505	 6.12303e-017	 1
286.083	 512.465	 0.382683	 0.92388
287.955	 520.519	 6.12303e-017	 1
287.331	 528.93	 -0.382683	 0.92388
285.103	 537.103	 -0.707107	 0.707107
284.246	 545	 6.12303e-017	 1
647.968	 488.473	 0.92388	 0.382683
641.865	 483.135	 0.707107	 0.707107
638.011	 478.989	 0.707107	 0.707107
923.026	 486.563	 -0.92388	 0.382683
915	 486.915	 -0.92388	 0.382683
906.493	 489.983	 -0.92388	 0.382683
151.694	 566	 0.382683	 0.92388
157.999	 571.001	 0.92388	 0.382683
164.846	 576.154	 0.707107	 0.707107
171.997	 581.006	 0.92388	 0.382683
179.048	 586.384	 0.707107	 0.707107
186.955	 590.109	 0.92388	 0.382683
195.03	 593.927	 0.92388	 0.382683
203.093	 597.776	 0.92388	 0.382683
210.955	 601.109	 0.92388	 0.382683
375.104	 521	 6.12303e-017	 1
375.631	 513	 6.12303e-017	 1
377.981	 504.492	 -0.382683	 0.92388
351	 628.11	 1	 0
358.918	 629.698	 0.92388	 0.382683
366.84	 631.887	 0.92388	 0.382683
104.077	 553.314	 0.92388	 0.382683
96.0909	 549.781	 0.92388	 0.382683
88.122	 546.205	 0.92388	 0.382683
80.041	 543.901	 1	 0
72	 541.451	 0.92388	 0.382683
64.0986	 538.762	 0.92388	 0.382683
56.1272	 535.693	 0.92388	 0.382683
48	 532.906	 0.92388	 0.382683
39.8211	 530.432	 -0.92388	 -0.382683
32.5	 527.5	 -0.92388	 -0.382683
24.9916	 525.02	 -1	 1.22461e-016
17	 523.333	 -1	 1.22461e-016
371.185	 633.053	 0.92388	 0.382683
379.127	 636.193	 0.92388	 0.382683
386.937	 639.652	 0.92388	 0.382683
395.012	 642.972	 0.92388	 0.382683
379.168	 502.362	 -0.382683	 0.92388
384.029	 496.029	 -0.707107	 0.707107
390.21	 490.21	 -0.707107	 0.707107
396.533	 484.533	 -0.707107	 0.707107
608.51	 576	 0.382683	 0.92388
609.587	 584	 6.12303e-017	 1
832.207	 584.586	 0.382683	 -0.92388
836.948	 576.978	 0.382683	 -0.92388
841.501	 569.501	 0.707107	 -0.707107
845.986	 564.986	 0.707107	 -0.707107
849.984	 560.984	 0.707107	 -0.707107
854.79	 556.79	 0.92388	 -0.382683
861.29	 551.29	 0.707107	 -0.707107
398.992	 644.52	 0.92388	 0.382683
406.822	 647.93	 0.92388	 0.382683
415.024	 651.441	 0.92388	 0.382683
422.992	 654.519	 0.92388	 0.382683
431.019	 656.453	 1	 0
508.949	 682.123	 1	 0
516.911	 684.715	 0.92388	 0.382683
525.146	 688.147	 0.92388	 0.382683
791.54	 584.402	 1	 0
784	 581.782	 1	 0
776	 581.255	 1	 0
769.052	 578.373	 0.92388	 0.382683
761.469	 574.574	 0.92388	 0.382683
754	 571.574	 0.92388	 0.382683
746	 570.944	 0.92388	 -0.382683
738	 570.956	 1	 0
730	 569.349	 1	 0
722	 568.484	 1	 0
714	 567.277	 1	 0
706	 566.243	 1	 0
698	 565.737	 1	 0
690	 566.648	 1	 0
681.606	 567.756	 0.92388	 -0.382683
674.958	 570.397	 -0.92388	 0.382683
667.535	 574.083	 -0.92388	 0.382683
660.362	 578.167	 -0.92388	 0.382683
652.542	 582.602	 -0.92388	 0.382683
645.621	 585.793	 -0.92388	 0.382683
637.502	 588.005	 -0.92388	 0.382683
630	 590.504	 -1	 1.22461e-016
621.874	 589.804	 -1	 1.22461e-016
614.498	 588.005	 -0.92388	 -0.382683
810.134	 631.134	 -1.83691e-016	 -1
810.36	 622.942	 -1.83691e-016	 -1
813.754	 615.105	 0.382683	 -0.92388
816.815	 607.714	 0.382683	 -0.92388
822.693	 601.08	 0.382683	 -0.92388
826.586	 593.536	 0.382683	 -0.92388
831.373	 586.655	 0.382683	 -0.92388
513.25	 600.104	 -0.707107	 -0.707107
507.635	 594.674	 -0.707107	 -0.707107
610	 587.199	 -0.92388	 -0.382683
602.086	 585.293	 -1	 1.22461e-016
594.328	 581.915	 -0.92388	 -0.382683
587.791	 576.209	 -0.707107	 -0.707107
582.584	 569.465	 -0.382683	 -0.92388
576.229	 564.158	 -0.92388	 -0.382683
569.701	 557.857	 -0.92388	 -0.382683
562	 556.021	 -0.92388	 0.382683
641	 647.452	 1	 0
633.03	 650.572	 0.92388	 -0.382683
626	 653.7	 1	 0
618	 654.267	 1	 0
610	 653.87	 1	 0
601.954	 654.612	 1	 0
595.317	 649.683	 0.707107	 0.707107
233.064	 611.844	 0.92388	 0.382683
241.001	 614.998	 0.92388	 0.382683
249.109	 618.236	 0.92388	 0.382683
257.085	 621.296	 0.92388	 0.382683
264.934	 624.16	 0.92388	 0.382683
272.924	 626.684	 0.92388	 0.382683
281	 628.687	 1	 0
614	 763.057	 0.92388	 -0.382683
621.345	 758.626	 0.92388	 -0.382683
627.563	 753.651	 0.92388	 -0.382683
634.579	 748.692	 0.92388	 -0.382683
641.568	 743.664	 0.92388	 -0.382683
647.296	 738.296	 0.707107	 -0.707107
653.438	 732.351	 0.707107	 -0.707107
660.528	 727.567	 0.92388	 -0.382683
667.122	 722.295	 0.92388	 -0.382683
674.462	 717.407	 0.92388	 -0.382683
681.878	 713.205	 0.92388	 -0.382683
689.431	 710.333	 0.92388	 -0.382683
697.442	 707.861	 0.92388	 -0.382683
671	 652.038	 1	 0
663	 652.28	 1	 0
655.044	 651.894	 1	 0
646.97	 649.072	 0.92388	 0.382683
285	 629.134	 1	 0
293	 629.258	 1	 0
301	 629.496	 1	 0
309	 629.428	 1	 0
317	 628.752	 1	 0
333	 628.618	 1	 0
341	 627.918	 1	 0
349	 627.983	 1	 0
401.912	 802.713	 0.92388	 0.382683
410.045	 805.891	 0.92388	 0.382683
364.11	 793.234	 0.92388	 0.382683
371.991	 796.022	 0.92388	 0.382683
380.088	 798.287	 0.92388	 0.382683
388	 799.513	 1	 0
396	 801.022	 1	 0
319	 628.624	 1	 0
327	 628.562	 1	 0
388	 723	 6.12303e-017	 1
382.356	 716.746	 0.92388	 0.382683
375.207	 712.914	 0.707107	 0.707107
370.472	 705.512	 0.382683	 0.92388
367.296	 697.085	 0.382683	 0.92388
367.278	 688.908	 -0.382683	 0.92388
368.217	 681	 6.12303e-017	 1
369.002	 673	 -0.382683	 0.92388
366.778	 665.092	 0.382683	 0.92388
363.659	 658	 6.12303e-017	 1
364.938	 650	 6.12303e-017	 1
365.231	 642	 -1.83691e-016	 -1
111.735	 676.848	 6.12303e-017	 1
112.75	 669	 6.12303e-017	 1
128.579	 699.81	 1	 0
121.708	 694.292	 0.707107	 0.707107
115.9	 688.834	 0.707107	 0.707107
112.011	 680.995	 0.382683	 0.92388
590.727	 642.906	 0.382683	 0.92388
589.364	 635	 6.12303e-017	 1
589.035	 627	 6.12303e-017	 1
589.3	 619.083	 6.12303e-017	 1
585.54	 612.403	 0.707107	 0.707107
578	 609.963	 1	 0
570.411	 606.715	 -0.707107	 -0.707107
564.894	 602.106	 -0.707107	 -0.707107
560.268	 595.596	 -0.707107	 -0.707107
554	 593.78	 -0.92388	 0.382683
546.421	 595.81	 -1	 1.22461e-016
537	 596.95	 -0.92388	 -0.382683
529.152	 595.127	 -0.92388	 -0.382683
521.169	 594.724	 -0.92388	 0.382683
530.692	 691.308	 0.707107	 0.707107
536.062	 695.938	 0.707107	 0.707107
542.235	 700.765	 0.707107	 0.707107
548.945	 705.132	 0.92388	 0.382683
555.642	 709.657	 0.92388	 0.382683
562.925	 713.182	 0.92388	 0.382683
569.009	 717.991	 0.707107	 0.707107
573.843	 722.157	 0.707107	 0.707107
579.463	 727.537	 0.382683	 0.92388
583.989	 734.004	 0.707107	 0.707107
588.274	 740.387	 0.382683	 0.92388
593.098	 746.959	 0.382683	 0.92388
598.912	 753.088	 0.92388	 0.382683
604.733	 759.267	 0.92388	 0.382683
612.04	 761.905	 1	 0
901.011	 664.848	 -0.382683	 0.92388
901.741	 657	 6.12303e-017	 1
902.111	 649	 6.12303e-017	 1
902.679	 641	 6.12303e-017	 1
902.542	 633	 6.12303e-017	 1
902.185	 625	 6.12303e-017	 1
900.817	 617	 -0.382683	 -0.92388
898.784	 608.59	 -1.83691e-016	 -1
894.844	 601.565	 -0.382683	 -0.92388
890.357	 594.152	 -0.382683	 -0.92388
884.27	 587.638	 -0.382683	 -0.92388
879.485	 581.006	 -0.382683	 -0.92388
877.207	 573.414	 -0.382683	 -0.92388
704.963	 706.411	 1	 0
713.498	 705.995	 0.92388	 -0.382683
721.584	 705.203	 1	 0
730.53	 703.571	 0.92388	 -0.382683
738.953	 701.386	 0.92388	 -0.382683
747	 698.828	 0.92388	 -0.382683
754.425	 695.818	 0.92388	 -0.382683
762.524	 691.558	 0.92388	 -0.382683
769.443	 686.363	 0.707107	 -0.707107
775.365	 681.365	 0.707107	 -0.707107
781.496	 675.49	 0.707107	 -0.707107
787.704	 669.704	 0.707107	 -0.707107
793.639	 663.639	 0.707107	 -0.707107
799.184	 657.184	 0.707107	 -0.707107
803.48	 649.48	 0.382683	 -0.92388
807.241	 641.393	 0.382683	 -0.92388
810.134	 633.134	 0.382683	 -0.92388
755	 652.646	 0.92388	 -0.382683
747	 652.752	 1	 0
739	 652.463	 1	 0
731	 652.675	 1	 0
723	 652.851	 1	 0
715	 653.272	 1	 0
707	 653.769	 1	 0
699	 654.339	 1	 0
691	 654.621	 1	 0
683	 653.281	 0.92388	 0.382683
675	 652.352	 1	 0
593.373	 798.147	 0.382683	 -0.92388
598.823	 791.427	 0.382683	 -0.92388
602.789	 783.62	 0.382683	 -0.92388
606.26	 775.4	 0.382683	 -0.92388
611.088	 768.26	 0.707107	 -0.707107
270.017	 784.983	 0.92388	 0.382683
277.137	 789.57	 0.92388	 0.382683
286.028	 789.432	 0.92388	 0.382683
294.082	 791.302	 1	 0
487.937	 844.152	 0.92388	 0.382683
495.608	 846.739	 0.92388	 0.382683
503.44	 849.646	 0.92388	 0.382683
512	 850.519	 1	 0
520	 851.209	 1	 0
528.151	 853.635	 0.92388	 0.382683
536.123	 856.702	 0.92388	 0.382683
758.558	 715.524	 -0.707107	 0.707107
754.558	 721.784	 -0.382683	 0.92388
751.044	 728.018	 6.12303e-017	 1
170.292	 739.708	 0.382683	 0.92388
174.289	 747.087	 0.382683	 0.92388
179.477	 753.523	 0.707107	 0.707107
797.111	 758.111	 -0.707107	 0.707107
791.049	 764.049	 -0.707107	 0.707107
785.992	 768.992	 -0.707107	 0.707107
781.969	 772.969	 -0.707107	 0.707107
778.119	 777.119	 -0.707107	 0.707107
772.429	 783.429	 -0.707107	 0.707107
768.137	 788.137	 -0.707107	 0.707107
762.978	 793.978	 -0.707107	 0.707107
906.872	 768.947	 6.12303e-017	 1
911.573	 762.03	 -0.707107	 0.707107
915.612	 754.046	 -0.382683	 0.92388
918.41	 745.963	 -0.382683	 0.92388
919.524	 738	 6.12303e-017	 1
842.045	 713.019	 -0.382683	 0.92388
837.011	 720.011	 -0.382683	 0.92388
831.456	 727.456	 -0.382683	 0.92388
825.677	 733.677	 -0.707107	 0.707107
185.004	 759.49	 1	 0
193	 760.589	 0.92388	 0.382683
201.11	 763.234	 0.92388	 0.382683
209.104	 765.75	 0.92388	 0.382683
217.024	 767.442	 1	 0
224.916	 769.703	 0.92388	 0.382683
233.014	 772.967	 0.92388	 0.382683
337.821	 715.574	 0.382683	 0.92388
335.534	 707.486	 0.382683	 0.92388
332.274	 699.594	 0.382683	 0.92388
329.04	 692	 0.382683	 0.92388
327.574	 685	 6.12303e-017	 1
327.58	 677	 6.12303e-017	 1
326.07	 668.678	 0.382683	 0.92388
324.102	 661	 6.12303e-017	 1
323.769	 653	 -1.83691e-016	 -1
323.773	 645	 -1.83691e-016	 -1
321.889	 637.546	 -0.382683	 -0.92388
301.989	 793.526	 0.92388	 0.382683
310	 794.78	 1	 0
318	 794.854	 1	 0
326	 794.5	 1	 0
334	 794.049	 1	 0
342	 792.992	 1	 0
350	 792.575	 1	 0
358	 792.448	 1	 0
561.035	 766.965	 0.707107	 0.707107
566.5	 771.5	 0.707107	 0.707107
574.02	 775.952	 0.92388	 0.382683
580.269	 780.731	 0.707107	 0.707107
586.272	 787.094	 0.382683	 0.92388
589.715	 794.119	 0.382683	 0.92388
758.25	 799.896	 -0.707107	 0.707107
753.803	 805.803	 -0.707107	 0.707107
748.902	 811.902	 -0.707107	 0.707107
743.475	 818.475	 -0.707107	 0.707107
738.02	 825.02	 -0.707107	 0.707107
732.854	 830.854	 -0.707107	 0.707107
727.211	 837.211	 -0.707107	 0.707107
720.892	 842.892	 -0.92388	 0.382683
715.517	 849.042	 -0.92388	 0.382683
708.271	 851.052	 -1	 1.22461e-016
237.106	 774.744	 0.92388	 0.382683
244.97	 777.572	 0.92388	 0.382683
253.01	 779.475	 0.92388	 0.382683
260.997	 782.008	 0.707107	 0.707107
927.316	 801.316	 -0.707107	 0.707107
931.076	 794.562	 -0.707107	 0.707107
935.98	 788.808	 -0.707107	 0.707107
941.318	 782.318	 -0.707107	 0.707107
945.684	 776.513	 -0.707107	 0.707107
207.923	 803.923	 -0.92388	 0.382683
213.444	 797.977	 -0.382683	 0.92388
218.23	 791.23	 -0.707107	 0.707107
223.465	 785.465	 0.707107	 -0.707107
230.567	 780.663	 0.92388	 -0.382683
538.123	 856.702	 1	 0
545.25	 854.25	 0.382683	 -0.92388
550.161	 847.161	 0.707107	 -0.707107
555.701	 841.701	 0.707107	 -0.707107
561.361	 835.361	 0.707107	 -0.707107
586.575	 807.575	 0.707107	 -0.707107
591.843	 801.843	 0.382683	 -0.92388
655.554	 828.446	 0.707107	 0.707107
649.478	 823.522	 0.92388	 0.382683
643.108	 818.239	 0.707107	 0.707107
635.117	 814.218	 0.92388	 0.382683
626.82	 811.935	 -0.92388	 -0.382683
618.961	 808.594	 -0.92388	 -0.382683
610.912	 804.713	 -0.92388	 -0.382683
602.905	 801.23	 -0.92388	 -0.382683
325.966	 816.082	 0.92388	 0.382683
333.037	 818.91	 0.92388	 0.382683
341.445	 821.633	 0.92388	 0.382683
348.969	 823.574	 0.92388	 0.382683
356.52	 825.953	 0.92388	 0.382683
364.044	 828.893	 0.92388	 0.382683
371.566	 832.342	 0.92388	 0.382683
379.427	 836.176	 0.92388	 0.382683
386.572	 839.327	 0.92388	 0.382683
393.076	 843.924	 0.92388	 0.382683
400.489	 848.527	 0.92388	 0.382683
406.388	 852.978	 0.707107	 0.707107
408.856	 853.144	 0.707107	 0.707107
414.264	 858.736	 0.707107	 0.707107
422.012	 862.971	 0.92388	 0.382683
428.535	 868.126	 0.92388	 0.382683
416.06	 808.354	 0.92388	 0.382683
423.059	 812.941	 0.707107	 0.707107
428.173	 816.827	 0.92388	 0.382683
436.059	 821.858	 0.92388	 0.382683
444.053	 826.373	 0.92388	 0.382683
451.014	 830.986	 0.707107	 0.707107
458.082	 834.803	 0.92388	 0.382683
466.078	 837.811	 0.92388	 0.382683
474.101	 840.257	 0.92388	 0.382683
481.966	 842.583	 0.92388	 0.382683
889.2	 834	 6.12303e-017	 1
889.616	 826	 6.12303e-017	 1
890.296	 818	 6.12303e-017	 1
891.227	 810	 6.12303e-017	 1
668.907	 844.725	 1	 0
663.846	 837.857	 0.382683	 0.92388
658.376	 831.624	 0.707107	 0.707107
488	 870.062	 1	 0
494	 874.852	 -1	 1.22461e-016
502	 875.035	 -1	 1.22461e-016
510	 875.273	 1	 0
857	 840.359	 1	 0
848.845	 839.375	 1	 0
840.988	 836.528	 -0.707107	 -0.707107
834.465	 832.583	 -0.92388	 -0.382683
307.667	 897.069	 -0.382683	 0.92388
310.75	 888.931	 0.382683	 -0.92388
430.037	 869.912	 1	 0
438	 869.498	 1	 0
446	 869.185	 1	 0
454.533	 870.579	 1	 0
462.696	 869.359	 0.92388	 -0.382683
472	 870.688	 1	 0
480	 870.661	 1	 0
518	 875.426	 1	 0
525.618	 871.784	 0.92388	 -0.382683
532.642	 866.642	 0.707107	 -0.707107
538.976	 860.976	 0.92388	 -0.382683
667.49	 899.524	 0.707107	 0.707107
660.696	 895.031	 0.92388	 0.382683
653.052	 891.479	 1	 0
645	 891.562	 -1	 1.22461e-016
769.231	 912.889	 -0.382683	 0.92388
765.365	 919.659	 -0.382683	 0.92388
400.65	 906.861	 -0.92388	 0.382683
407.331	 902.17	 -0.92388	 0.382683
414.617	 898.282	 -0.707107	 0.707107
421.19	 895.19	 -0.707107	 0.707107
424.508	 889.008	 0.707107	 -0.707107
429.003	 883.003	 0.382683	 -0.92388
433.625	 877.052	 0.382683	 -0.92388
69.6485	 710.566	 -0.707107	 0.707107
77.1036	 706.75	 -0.92388	 0.382683
85	 704.893	 0.92388	 -0.382683
94	 702.911	 1	 0
102	 701.977	 1	 0
110	 702.084	 1	 0
118.087	 701.71	 1	 0
126	 701.286	 1	 0
83	 673.25	 1	 0
75.1522	 671.505	 -0.92388	 -0.382683
67	 671.45	 -1	 1.22461e-016
59.0518	 672.125	 -1	 1.22461e-016
51.2935	 673.293	 -0.707107	 0.707107
114	 661	 6.12303e-017	 1
114.625	 653	 0.382683	 -0.92388
116.5	 645	 0.382683	 -0.92388
118.267	 637	 -1.83691e-016	 -1
115.302	 628.875	 -0.382683	 -0.92388
116.619	 620	 -1.83691e-016	 -1
117.875	 611.875	 0.382683	 -0.92388
107.45	 320.55	 0.382683	 0.92388
107.196	 327.874	 -0.382683	 0.92388
186.047	 811.015	 -0.92388	 0.382683
194	 809.004	 -0.92388	 0.382683
202.073	 806.677	 -0.92388	 0.382683
193.25	 281.396	 -0.382683	 0.92388
195.222	 273	 -1.83691e-016	 -1
195.667	 265	 -0.382683	 -0.92388
215.091	 603.281	 0.92388	 0.382683
222.93	 607.168	 0.92388	 0.382683
231.045	 610.89	 0.92388	 0.382683
247.889	 326	 0.382683	 0.92388
249.527	 333.989	 0.382683	 0.92388
251.656	 341.435	 0.382683	 0.92388
254.25	 349.104	 0.382683	 0.92388
257.276	 356.593	 0.382683	 0.92388
199.192	 430.421	 0.382683	 0.92388
202.819	 438.075	 0.382683	 0.92388
204.936	 446.026	 0.382683	 0.92388
208.595	 453.461	 0.382683	 0.92388
210.917	 460.535	 0.382683	 0.92388
212.313	 469	 6.12303e-017	 1
213.826	 477.072	 6.12303e-017	 1
212.194	 485.08	 -0.382683	 0.92388
210.429	 492.971	 -0.382683	 0.92388
209.63	 501	 6.12303e-017	 1
209.478	 509	 6.12303e-017	 1
210.404	 516.54	 0.382683	 0.92388
215.058	 521.942	 0.707107	 0.707107
220.149	 525.851	 0.707107	 0.707107
224.456	 533.518	 0.382683	 0.92388
230.109	 539.891	 0.92388	 0.382683
235.724	 545.889	 0.382683	 0.92388
241.5	 551.5	 0.707107	 0.707107
249.009	 552.977	 1	 0
256.849	 552.364	 1	 0
268	 536.943	 1	 0
273.558	 543.976	 0.382683	 0.92388
246.269	 677	 6.12303e-017	 1
246.361	 685	 6.12303e-017	 1
248.159	 692.434	 0.382683	 0.92388
252.392	 699.545	 0.382683	 0.92388
255.628	 708	 6.12303e-017	 1
256.611	 716	 6.12303e-017	 1
257.228	 724	 6.12303e-017	 1
258.058	 732	 6.12303e-017	 1
259.385	 739.548	 6.12303e-017	 1
261.142	 748	 0.382683	 0.92388
262.148	 756	 6.12303e-017	 1
263.283	 764	 0.382683	 0.92388
265.12	 771.95	 0.382683	 0.92388
267.338	 779.318	 0.382683	 0.92388
304.168	 596.43	 0.382683	 0.92388
306.068	 604	 0.382683	 0.92388
308.366	 611.556	 0.382683	 0.92388
311.416	 618.786	 0.382683	 0.92388
316.948	 625.522	 0.707107	 0.707107
395.986	 455	 0.382683	 0.92388
401.598	 461.402	 0.92388	 0.382683
434.97	 657.572	 0.92388	 0.382683
443.006	 659.986	 0.92388	 0.382683
450.874	 662.805	 0.92388	 0.382683
459.114	 665.225	 0.92388	 0.382683
399.483	 679.007	 6.12303e-017	 1
399.163	 687	 6.12303e-017	 1
396.759	 694.607	 -0.382683	 0.92388
393.189	 702.371	 -0.382683	 0.92388
391.217	 711	 6.12303e-017	 1
389.477	 718.49	 -0.382683	 0.92388
449.579	 553.033	 -0.382683	 0.92388
450.62	 560.45	 0.382683	 0.92388
451.888	 568	 6.12303e-017	 1
452.979	 576	 6.12303e-017	 1
453.874	 584	 6.12303e-017	 1
455.035	 591.985	 6.12303e-017	 1
455.173	 600	 6.12303e-017	 1
455.634	 608	 6.12303e-017	 1
457.52	 615.992	 0.382683	 0.92388
459.697	 624.418	 0.382683	 0.92388
461.92	 632.033	 0.382683	 0.92388
464.468	 639.513	 6.12303e-017	 1
465.619	 648	 6.12303e-017	 1
466.376	 656	 6.12303e-017	 1
467.08	 664	 6.12303e-017	 1
435.969	 478	 -0.382683	 -0.92388
437.821	 485	 -1.83691e-016	 -1
437.966	 493	 -1.83691e-016	 -1
439.024	 500.99	 -0.382683	 -0.92388
441.231	 508.612	 0.382683	 0.92388
444.026	 515.489	 0.382683	 0.92388
446.263	 523.891	 0.382683	 0.92388
448.139	 531.149	 0.382683	 0.92388
450.208	 538.914	 0.382683	 0.92388
450.365	 547	 6.12303e-017	 1
529.083	 416.965	 0.382683	 0.92388
527.36	 409	 6.12303e-017	 1
527.656	 400.565	 6.12303e-017	 1
529.587	 393.036	 -0.382683	 0.92388
534.94	 385.94	 0.707107	 -0.707107
540.562	 381.15	 0.707107	 -0.707107
547.429	 376.33	 0.92388	 -0.382683
555.009	 373.523	 0.92388	 -0.382683
489.395	 419.544	 6.12303e-017	 1
488.246	 411	 6.12303e-017	 1
485.996	 403	 -1.83691e-016	 -1
484.35	 395	 -1.83691e-016	 -1
549.92	 668.308	 1	 0
544.528	 672.077	 -0.707107	 0.707107
539.971	 676.971	 -0.707107	 0.707107
535.974	 680.974	 -0.707107	 0.707107
531.504	 686.117	 -0.382683	 0.92388
550.566	 641.973	 0.382683	 0.92388
548.617	 634.383	 0.382683	 0.92388
544.061	 628.939	 0.707107	 0.707107
539.047	 624.953	 0.707107	 0.707107
532.437	 620.651	 0.92388	 0.382683
526.06	 616.94	 0.707107	 0.707107
520.34	 612.566	 0.382683	 0.92388
516.837	 605.067	 -0.382683	 -0.92388
633.774	 474.226	 0.707107	 0.707107
628.906	 468.094	 0.707107	 0.707107
623.393	 461.436	 0.707107	 0.707107
618.132	 455.445	 0.382683	 0.92388
613.274	 448.726	 0.382683	 0.92388
608.171	 442.829	 0.707107	 0.707107
602.032	 437.424	 0.707107	 0.707107
594.522	 433.447	 0.92388	 0.382683
565.436	 830.436	 0.707107	 -0.707107
570.915	 823.915	 0.707107	 -0.707107
576.097	 818.097	 0.707107	 -0.707107
581.066	 813.066	 0.707107	 -0.707107
620.063	 132.474	 0.382683	 0.92388
621.124	 141	 6.12303e-017	 1
621.803	 149.582	 6.12303e-017	 1
622.85	 158	 6.12303e-017	 1
623.839	 166	 6.12303e-017	 1
625.401	 173.848	 0.382683	 0.92388
627.883	 181.117	 0.92388	 0.382683
634.931	 186.069	 0.707107	 0.707107
641.171	 191.088	 0.92388	 0.382683
648.059	 196.357	 0.707107	 0.707107
655.007	 199.983	 0.92388	 0.382683
661.226	 204.774	 0.707107	 0.707107
667.604	 209.25	 0.92388	 0.382683
674.883	 214.284	 0.707107	 0.707107
681.166	 219.1	 0.92388	 0.382683
687.186	 222.814	 0.92388	 0.382683
694.611	 228.389	 0.707107	 0.707107
700.999	 234.001	 0.707107	 0.707107
707.497	 238.508	 1	 0
714.542	 243.458	 0.707107	 0.707107
720.321	 247.679	 0.707107	 0.707107
726.875	 253.125	 0.707107	 0.707107
733.203	 258.797	 0.707107	 0.707107
739.029	 263.971	 0.707107	 0.707107
743.875	 271.052	 0.382683	 0.92388
751	 277	 0.382683	 0.92388
756.41	 283.037	 0.382683	 0.92388
761.832	 289.07	 0.382683	 0.92388
767.201	 296.417	 0.382683	 0.92388
771.887	 303.047	 0.382683	 0.92388
777.377	 309.551	 0.382683	 0.92388
782.736	 316.109	 0.382683	 0.92388
788.429	 322.53	 0.382683	 0.92388
665.452	 118	 6.12303e-017	 1
667.929	 110	 -0.382683	 0.92388
669.313	 102	 0.382683	 -0.92388
675.267	 96.2667	 0.707107	 -0.707107
711.352	 896	 6.12303e-017	 1
710.563	 904	 6.12303e-017	 1
709.175	 912	 6.12303e-017	 1
706.813	 920.629	 -0.382683	 0.92388
705.092	 928.331	 6.12303e-017	 1
747.463	 342.59	 1	 0
739	 340.345	 0.92388	 0.382683
731	 339.222	 1	 0
723	 338.779	 1	 0
715.487	 339.469	 1	 0
707.431	 340.833	 1	 0
738.054	 438.87	 0.92388	 0.382683
745.064	 443.846	 0.92388	 0.382683
752.269	 447.731	 0.707107	 0.707107
754.161	 455.933	 6.12303e-017	 1
753.022	 464	 6.12303e-017	 1
754.97	 472.012	 0.382683	 0.92388
759.318	 479.075	 0.382683	 0.92388
786.181	 501.304	 0.382683	 -0.92388
783.91	 508.963	 0.382683	 -0.92388
782.629	 517	 -1.83691e-016	 -1
782.47	 525.093	 -1.83691e-016	 -1
798	 344.5	 6.12303e-017	 1
798.053	 353	 6.12303e-017	 1
825.5	 350.5	 6.12303e-017	 1
828.644	 358.647	 0.382683	 0.92388
831.663	 366.64	 0.382683	 0.92388
834.367	 374.555	 0.382683	 0.92388
837.789	 382.588	 6.12303e-017	 1
839.723	 391.615	 0.382683	 0.92388
840.782	 399	 6.12303e-017	 1
841.595	 407	 6.12303e-017	 1
842.553	 414.978	 0.382683	 0.92388
844.765	 422.461	 0.382683	 0.92388
842.968	 894.919	 -0.707107	 0.707107
848.625	 889.262	 -0.707107	 0.707107
849.694	 882	 6.12303e-017	 1
850.131	 874	 6.12303e-017	 1
851.012	 866	 6.12303e-017	 1
851.491	 858	 -1.83691e-016	 -1
853.586	 850.036	 0.382683	 -0.92388
857.64	 843.64	 0.92388	 -0.382683
860.241	 585.893	 -0.382683	 0.92388
861.398	 594	 6.12303e-017	 1
862.429	 602	 6.12303e-017	 1
863.05	 610	 6.12303e-017	 1
862.645	 618	 6.12303e-017	 1
861.477	 626	 -0.382683	 0.92388
859.627	 634.053	 -0.382683	 0.92388
857.405	 641.961	 -0.382683	 0.92388
855.69	 650	 -0.382683	 0.92388
853.956	 657.982	 -0.382683	 0.92388
852.714	 665.882	 6.12303e-017	 1
851.417	 674.173	 6.12303e-017	 1
850.681	 682.075	 6.12303e-017	 1
848.783	 689.91	 -0.382683	 0.92388
847.342	 697.934	 6.12303e-017	 1
845.089	 705.83	 -0.382683	 0.92388
819.419	 739.419	 -0.707107	 0.707107
813.05	 745.05	 -0.92388	 0.382683
806.869	 749.683	 -0.92388	 0.382683
800.148	 754.857	 -0.92388	 0.382683
892.442	 804	 6.12303e-017	 1
894.121	 796.05	 6.12303e-017	 1
896.345	 787.936	 -0.382683	 0.92388
900.061	 779.525	 -0.382683	 0.92388
903.75	 772.396	 -0.382683	 0.92388
919.263	 733.891	 6.12303e-017	 1
917.278	 726.092	 0.382683	 0.92388
913.991	 718.004	 0.382683	 0.92388
909.891	 711.545	 0.707107	 0.707107
904.502	 704.999	 0.382683	 0.92388
900.75	 696.896	 6.12303e-017	 1
898.424	 689	 6.12303e-017	 1
897.313	 681	 6.12303e-017	 1
898.008	 673.003	 -0.382683	 0.92388
949.965	 769.793	 -0.707107	 0.707107
954.607	 763.253	 -0.382683	 0.92388
957.903	 756.167	 -0.382683	 0.92388
960.915	 749.172	 -0.382683	 0.92388
963.919	 742.174	 -0.382683	 0.92388
966.921	 735.174	 -0.382683	 0.92388
969.996	 727.705	 -0.382683	 0.92388
973.076	 721.032	 -0.382683	 0.92388
975.75	 714	 -0.382683	 0.92388
973.345	 706.096	 0.707107	 0.707107
967.242	 700.107	 0.382683	 0.92388
963.133	 692.445	 0.382683	 0.92388
958.707	 684.914	 0.382683	 0.92388
953.072	 678.928	 0.707107	 0.707107
947.031	 673.924	 0.92388	 0.382683
939	 672.055	 -1	 1.22461e-016
931	 672.247	 -1	 1.22461e-016
923	 671.92	 -1	 1.22461e-016
915.086	 670.292	 -0.92388	 -0.382683
907.389	 667.269	 -0.707107	 -0.707107
536.556	 125.444	 0.382683	 0.92388
542.5	 131.5	 0.707107	 0.707107
550.159	 136.841	 0.707107	 0.707107
556.643	 142.357	 0.92388	 0.382683
562.512	 147.472	 0.92388	 0.382683
569.48	 152.048	 0.92388	 0.382683
