147.506 8.01264
0.999959 -0.00908098 8.15693
0.173484 0.984837 15
-0.587603 -0.80915 0
917.885 58.0215
0.684458 -0.729052 6.63744
-0.284499 0.958676 3.34051
-0.98975 -0.142808 2.23607
964.614 18.4544
-0.214749 0.976669 6.63744
-0.133777 -0.991011 1.41421
0.990238 -0.139384 4.13779
157.616 42.4285
-0.999973 0.00736507 3.33333
0.677508 0.735516 15.5563
-0.306286 -0.95194 15
986.715 23.6174
-0.349794 0.936827 9.84886
-0.86638 -0.499386 4.13779
0.995749 -0.0921118 4.12311
122.666 85.3951
-0.756771 0.653681 9.83333
-0.409898 -0.912131 5.65685
0.722903 -0.69095 2.83333
515.218 126.494
-0.904355 -0.42678 7.99458
0.19841 -0.980119 6.17705
0.733162 0.680054 8.14856
442.46 163.389
-0.102636 -0.994719 4.53571
-0.980618 0.195931 8.23424
0.997331 -0.0730079 8.28571
770.098 331.827
-0.978643 -0.205569 7.71198
-0.51728 -0.855816 11.0754
0.636444 0.771323 15.7727
479.351 160.73
0.160565 0.987025 3.66667
0.989692 -0.14321 9.19309
-0.997279 -0.0737171 8.28571
404.517 171.9
-0.918404 0.395644 8.33732
-0.706369 -0.707844 7.07107
0.989574 -0.144029 8.6204
424.887 167.208
0.0706771 0.997499 3.69091
-0.952008 0.306074 8.6204
0.985195 -0.17144 8.23424
321.389 202.277
-0.920149 0.391569 6.71429
-0.535925 -0.844265 5.0676
0.977983 -0.208686 6.625
347.597 195.249
0.359713 0.933063 4.12353
-0.953444 0.301569 6.625
0.891201 -0.453608 8.33732
417.17 261.573
0.997995 0.0632989 4.57143
0.336222 0.941783 3.2
0.144969 -0.989436 3.69091
617.477 229.512
-0.973227 0.229845 6.43056
0.726515 0.687151 7.71198
-0.577439 -0.816434 9.19309
516.974 257.002
0.751333 -0.659923 6.43056
-0.65056 -0.759455 5.61709
-0.452091 0.891972 5.71778
516.974 257.002
0.751333 -0.659923 6.43056
-0.65056 -0.759455 5.61709
0.722703 0.691159 3.3471
516.974 257.002
0.751333 -0.659923 6.43056
-0.452091 0.891972 5.71778
0.722703 0.691159 3.3471
516.974 257.002
-0.65056 -0.759455 5.61709
-0.452091 0.891972 5.71778
0.722703 0.691159 3.3471
275.277 371.1
0.353822 -0.935313 4.29381
0.991181 0.132515 4.96296
-0.957071 -0.289853 4.73209
275.277 371.1
0.353822 -0.935313 4.29381
0.991181 0.132515 4.96296
0.215269 0.976555 3.518
275.277 371.1
0.353822 -0.935313 4.29381
-0.957071 -0.289853 4.73209
0.215269 0.976555 3.518
275.277 371.1
0.991181 0.132515 4.96296
-0.957071 -0.289853 4.73209
0.215269 0.976555 3.518
240.463 232.513
0.575688 0.817669 4.29381
0.947547 -0.319618 6.71429
-0.972836 0.231493 8.53944
167.109 363.042
0.050193 -0.99874 5.26136
0.992177 -0.124841 5.03968
-0.998816 -0.0486579 5.9
175.454 251.531
-0.0309461 0.999521 6.7082
0.987018 -0.160608 8.53944
-0.988174 0.153334 7.88635
367.924 262.255
0.364139 0.931344 3.93397
-0.572168 -0.820136 5.67378
0.989264 0.146137 4.5119
778.11 363.886
-0.956068 -0.293147 7.10564
-0.0511023 -0.998693 15.893
0.400761 0.916183 11.0038
172.794 280.088
0.619845 0.784725 3.56134
-0.425742 0.904845 5.26136
0.226997 -0.973896 6.7082
493.596 294.868
0.876815 0.480827 3.85052
0.617429 -0.786627 5.71778
-0.675912 0.736982 5.76381
602.201 330.846
-0.977267 0.21201 5.57689
-0.355862 -0.934539 3.73472
0.964018 0.265835 6.17568
237.801 364.204
-0.256894 -0.96644 3.85833
0.991104 0.133086 4.73209
-0.995135 -0.0985231 5.03968
237.801 364.204
-0.256894 -0.96644 3.85833
0.991104 0.133086 4.73209
-0.597929 0.801549 4.32681
237.801 364.204
-0.256894 -0.96644 3.85833
-0.995135 -0.0985231 5.03968
-0.597929 0.801549 4.32681
237.801 364.204
0.991104 0.133086 4.73209
-0.995135 -0.0985231 5.03968
-0.597929 0.801549 4.32681
341.562 369.343
0.0124149 -0.999923 3.43225
0.999243 -0.0389002 5.21414
-0.994213 0.107423 5.18093
566.681 342.328
-0.923128 0.384493 4.75604
-0.628606 -0.777724 3.85052
0.906407 -0.422404 5.57689
882.342 402.496
0.999597 0.028388 4.57188
0.314804 -0.949157 7.82614
-0.358491 0.933533 8.03811
670.051 342.678
0.0313294 0.999509 3.94091
-0.999385 -0.035079 6.17568
0.996384 -0.0849616 7.10564
255.088 551.851
0.395096 -0.91864 3.41667
0.502514 0.864569 3.28825
-0.491983 -0.870605 3.60624
486.374 365.001
-0.61921 0.785226 4.8342
-0.701839 -0.712335 3.41156
0.956865 -0.290533 4.75604
110.354 357.34
-0.371745 0.928335 7.77812
0.981289 0.192539 5.9
-0.894236 -0.447596 5.8523
311.411 373.438
0.0188606 0.999822 3.225
0.977849 -0.209312 5.18093
-0.999977 0.00675026 4.96296
382.82 463.588
-0.723372 -0.690459 3.52762
-0.213587 0.976924 4.16184
0.497835 -0.867272 3.6285
382.82 463.588
-0.723372 -0.690459 3.52762
-0.213587 0.976924 4.16184
-0.771301 0.636471 3.32353
382.82 463.588
-0.723372 -0.690459 3.52762
0.497835 -0.867272 3.6285
-0.771301 0.636471 3.32353
382.82 463.588
-0.213587 0.976924 4.16184
0.497835 -0.867272 3.6285
-0.771301 0.636471 3.32353
393.676 367.474
-0.385322 0.922782 3.50578
0.981347 -0.192246 5.41168
-0.99983 0.0184389 5.21414
663.701 376.366
0.994094 0.108526 3.66284
0.311071 -0.950387 3.94091
-0.377206 0.92613 3.2087
738.028 484.97
-0.437068 -0.899428 4.39943
0.927577 0.373633 4.73822
-0.9977 0.0677846 5.34141
694.552 406.207
0.990118 -0.140238 4.02632
-0.0591653 -0.998248 3.66284
0.173791 0.984783 4.22222
459.08 390.729
0.179928 0.98368 4.3209
-0.976078 0.217419 3.96859
0.893315 -0.449432 4.8342
157.345 398.939
-0.372737 0.927937 5.32722
-0.00785814 -0.999969 5.37879
0.478691 0.877983 4.04954
529.093 426.202
0.968855 0.247629 3.76066
0.284901 -0.958557 4.19534
-0.0212095 0.999775 3.24926
529.093 426.202
0.968855 0.247629 3.76066
0.284901 -0.958557 4.19534
-0.983311 -0.181933 4.12028
529.093 426.202
0.968855 0.247629 3.76066
-0.0212095 0.999775 3.24926
-0.983311 -0.181933 4.12028
529.093 426.202
0.284901 -0.958557 4.19534
-0.0212095 0.999775 3.24926
-0.983311 -0.181933 4.12028
565.954 431.288
-0.991897 -0.127042 3.93602
0.894767 0.446534 4.22419
-0.0365274 -0.999333 3.37054
699.625 429.555
-0.999402 0.0345645 2.94029
-0.162228 -0.986753 4.22222
0.680161 0.733063 4.44454
820.95 418.105
0.833572 0.552411 8.89824
-0.156189 -0.987727 8.56731
0.19863 0.980075 8.2949
707.48 437.605
-0.861287 0.508119 3.87136
-0.751146 -0.660136 4.44454
0.94889 0.315607 6.48181
810.792 587.209
-0.293097 0.956083 16.9798
0.997982 -0.0634995 2.55973
-0.933461 -0.358678 3.21892
810.792 587.209
-0.293097 0.956083 16.9798
0.997982 -0.0634995 2.55973
0.283137 -0.95908 8.05183
810.792 587.209
-0.293097 0.956083 16.9798
-0.933461 -0.358678 3.21892
0.283137 -0.95908 8.05183
810.792 587.209
0.997982 -0.0634995 2.55973
-0.933461 -0.358678 3.21892
0.283137 -0.95908 8.05183
550.794 428.898
0.434046 0.900891 3.25617
-0.997303 -0.0734008 3.76066
0.981415 0.191897 3.93602
118.116 467.205
-0.501748 0.865014 6
0.67355 -0.739142 5.32722
-0.998825 -0.0484559 5.35587
380.472 474.844
0.231935 0.972731 3.43887
-0.705353 0.708856 3.30952
0.161888 -0.986809 4.16184
261.364 486.751
0.77491 0.632072 4.07445
-0.156872 0.987619 3.41667
0.062433 -0.998049 3.518
624.545 490.261
-0.837939 0.545764 3.49654
0.999367 0.0355676 5.34141
-0.718792 -0.695225 4.22419
443.345 668.429
-0.931615 -0.363446 5.57339
-0.186844 -0.98239 3.76887
0.925302 0.379231 6.02559
443.345 668.429
-0.931615 -0.363446 5.57339
-0.186844 -0.98239 3.76887
-0.639646 0.768669 3.25972
443.345 668.429
-0.931615 -0.363446 5.57339
0.925302 0.379231 6.02559
-0.639646 0.768669 3.25972
443.345 668.429
-0.186844 -0.98239 3.76887
0.925302 0.379231 6.02559
-0.639646 0.768669 3.25972
293.116 627.258
-0.471389 -0.881926 4.09211
-0.997523 0.0703421 5.25965
0.999993 -0.00369623 5.31161
293.116 627.258
-0.471389 -0.881926 4.09211
-0.997523 0.0703421 5.25965
0.424511 0.905423 3.35244
293.116 627.258
-0.471389 -0.881926 4.09211
0.999993 -0.00369623 5.31161
0.424511 0.905423 3.35244
293.116 627.258
-0.997523 0.0703421 5.25965
0.999993 -0.00369623 5.31161
0.424511 0.905423 3.35244
245.157 535.809
-0.0188326 -0.999823 3.30952
0.582787 0.812625 3.60624
-0.973211 -0.229914 3.58436
129.248 564.291
-0.942726 -0.333569 4.8861
0.331316 -0.94352 4.40312
0.796692 0.604386 4.98304
186.755 514.477
-0.715224 0.698895 4.14286
-0.0128937 -0.999917 4.04954
0.677282 0.735724 3.18332
327.349 626.521
-0.261978 -0.965074 3.27736
-1 0.000273354 5.42936
0.965242 0.261358 5.57557
344.026 630.824
0.303013 -0.952986 3.4498
-0.973296 -0.229552 5.57557
0.921387 0.388645 5.56496
344.026 630.824
0.303013 -0.952986 3.4498
-0.973296 -0.229552 5.57557
-0.378057 0.925782 3.17766
344.026 630.824
0.303013 -0.952986 3.4498
0.921387 0.388645 5.56496
-0.378057 0.925782 3.17766
344.026 630.824
-0.973296 -0.229552 5.57557
0.921387 0.388645 5.56496
-0.378057 0.925782 3.17766
896.192 487.028
0.101109 0.994875 5.00381
-0.973826 0.227296 8.544
0.994388 -0.105795 6.14545
373.087 643.298
0.0708872 -0.997484 3.61304
-0.924188 -0.381939 5.56496
0.934026 0.357204 5.57339
373.087 643.298
0.0708872 -0.997484 3.61304
-0.924188 -0.381939 5.56496
0.128041 0.991769 3.75368
373.087 643.298
0.0708872 -0.997484 3.61304
0.934026 0.357204 5.57339
0.128041 0.991769 3.75368
373.087 643.298
-0.924188 -0.381939 5.56496
0.934026 0.357204 5.57339
0.128041 0.991769 3.75368
484.698 681.116
-0.279314 -0.9602 3.66667
-0.968274 -0.249892 6.02559
0.930636 0.365945 5.47928
484.698 681.116
-0.279314 -0.9602 3.66667
-0.968274 -0.249892 6.02559
0.396468 0.918049 3.89815
484.698 681.116
-0.279314 -0.9602 3.66667
0.930636 0.365945 5.47928
0.396468 0.918049 3.89815
484.698 681.116
-0.968274 -0.249892 6.02559
0.930636 0.365945 5.47928
0.396468 0.918049 3.89815
566.867 798.944
0.970704 0.240279 5.37633
-0.60632 0.795221 6.92375
0.56058 -0.8281 7.68335
566.867 798.944
0.970704 0.240279 5.37633
-0.60632 0.795221 6.92375
-0.454584 -0.890704 3.89815
566.867 798.944
0.970704 0.240279 5.37633
0.56058 -0.8281 7.68335
-0.454584 -0.890704 3.89815
566.867 798.944
-0.60632 0.795221 6.92375
0.56058 -0.8281 7.68335
-0.454584 -0.890704 3.89815
836.448 584.632
0.126008 0.992029 10.233
0.290237 -0.956955 8.94428
-0.991516 0.129985 2.95389
836.448 584.632
0.126008 0.992029 10.233
0.290237 -0.956955 8.94428
-0.805297 0.592871 3.93129
836.448 584.632
0.126008 0.992029 10.233
-0.991516 0.129985 2.95389
-0.805297 0.592871 3.93129
836.448 584.632
0.290237 -0.956955 8.94428
-0.991516 0.129985 2.95389
-0.805297 0.592871 3.93129
786.731 629.905
-0.961277 0.275585 4.93617
-0.344537 0.938773 7.97751
0.536281 -0.844039 16.9798
614.174 647.079
-0.719745 -0.694239 3.67209
0.961207 0.27583 4.93617
-0.910902 0.412623 3.86506
583.946 586.529
-0.0627323 0.99803 3.67209
0.966728 0.255806 3.65946
-0.981909 -0.189353 3.10484
583.946 586.529
-0.0627323 0.99803 3.67209
0.966728 0.255806 3.65946
-0.000291631 -1 3.375
583.946 586.529
-0.0627323 0.99803 3.67209
-0.981909 -0.189353 3.10484
-0.000291631 -1 3.375
583.946 586.529
0.966728 0.255806 3.65946
-0.981909 -0.189353 3.10484
-0.000291631 -1 3.375
205.711 608.466
-0.462541 0.886598 3.53611
-0.904907 -0.425609 4.98304
0.916113 0.400919 5.01212
205.711 608.466
-0.462541 0.886598 3.53611
-0.904907 -0.425609 4.98304
0.462945 0.886387 3.11447
205.711 608.466
-0.462541 0.886598 3.53611
0.916113 0.400919 5.01212
0.462945 0.886387 3.11447
205.711 608.466
-0.904907 -0.425609 4.98304
0.916113 0.400919 5.01212
0.462945 0.886387 3.11447
502.538 688.772
0.67588 -0.737012 3.54284
-0.911996 -0.410198 5.47928
0.770636 0.637276 6.30609
243.779 783.984
-0.219151 -0.975691 3.52226
-0.878562 -0.477628 5.81007
0.988752 0.149562 5.34562
260.195 627.785
0.305954 0.952046 3.06226
-0.976326 -0.216305 5.01212
0.999832 -0.0183022 5.25965
337.425 791.573
-0.0801439 -0.996783 3.35244
-0.997556 -0.0698719 5.7254
0.949628 0.313379 5.65455
378.68 801.82
-0.219254 -0.975668 4.11806
-0.968039 -0.250798 5.65455
0.90704 0.421046 5.7731
360.689 731.681
-0.916105 -0.400937 3.07603
0.183654 0.982991 4.11806
0.152999 -0.988226 4.22807
307.363 627.119
0.197535 0.980296 3.07603
-0.999983 0.00591287 5.31161
0.998444 -0.0557696 5.42936
362.839 720.285
0.307435 -0.951569 3.75368
-0.177223 0.984171 4.22807
-0.818201 -0.574932 3.17766
88.8486 675.828
-0.99887 -0.0475263 4.22268
0.165969 -0.986131 6.07394
0.384983 0.922924 5.21122
676.375 704.935
0.682176 -0.731188 3.00896
-0.926502 0.37629 8.10517
0.998918 0.0465004 9.13797
676.375 704.935
0.682176 -0.731188 3.00896
-0.926502 0.37629 8.10517
-0.731864 -0.68145 3.20851
676.375 704.935
0.682176 -0.731188 3.00896
0.998918 0.0465004 9.13797
-0.731864 -0.68145 3.20851
676.375 704.935
-0.926502 0.37629 8.10517
0.998918 0.0465004 9.13797
-0.731864 -0.68145 3.20851
878.014 665.054
0.902442 0.430811 5.61967
0.0150782 -0.999886 6.91304
-0.361819 0.932249 5.52182
110.639 700.273
0.634232 0.773143 4.27631
-0.829646 -0.558289 6.28209
0.999687 0.0250211 3.84742
232.835 777.887
-0.976819 -0.214066 4.79633
-0.766463 -0.642288 3.84742
0.853313 0.521399 5.81007
715.752 701.879
-0.141221 0.989978 3.12433
-0.981665 0.190615 9.13797
0.930348 -0.366678 7.97751
463.651 843.822
-0.218714 -0.975789 3.58877
-0.957483 -0.288489 5.96361
0.93935 0.342959 6.64245
882.112 771.546
-0.694403 -0.719586 5.14165
0.541622 -0.840622 5.52182
-0.583227 0.812309 5.5125
882.112 771.546
-0.694403 -0.719586 5.14165
0.541622 -0.840622 5.52182
0.782776 0.622303 5.16667
882.112 771.546
-0.694403 -0.719586 5.14165
-0.583227 0.812309 5.5125
0.782776 0.622303 5.16667
882.112 771.546
0.541622 -0.840622 5.52182
-0.583227 0.812309 5.5125
0.782776 0.622303 5.16667
819.206 712.797
0.719591 0.694398 5.14165
-0.603483 0.797376 10.1262
0.284042 -0.958812 10.233
159.587 756.396
-0.964779 0.263063 4.59554
-0.604414 -0.796671 4.27631
0.982557 0.185963 5.03789
277.153 791.757
0.122557 -0.992462 3.33929
-0.95674 -0.290945 5.34562
0.991379 0.131022 5.7254
214.532 772.938
-0.831197 0.555978 3.94595
-0.928249 -0.371959 5.03789
0.929901 0.36781 4.79633
675.358 756.167
-0.510551 0.859848 3.64744
-0.883261 -0.468882 3.71736
0.401165 -0.916006 3.12433
675.358 756.167
-0.510551 0.859848 3.64744
-0.883261 -0.468882 3.71736
0.945272 0.326283 4.00694
675.358 756.167
-0.510551 0.859848 3.64744
-0.883261 -0.468882 3.71736
0.816299 -0.57763 4.6449
675.358 756.167
-0.510551 0.859848 3.64744
0.401165 -0.916006 3.12433
0.945272 0.326283 4.00694
675.358 756.167
-0.510551 0.859848 3.64744
0.401165 -0.916006 3.12433
0.816299 -0.57763 4.6449
675.358 756.167
-0.510551 0.859848 3.64744
0.945272 0.326283 4.00694
0.816299 -0.57763 4.6449
675.358 756.167
-0.883261 -0.468882 3.71736
0.401165 -0.916006 3.12433
0.945272 0.326283 4.00694
675.358 756.167
-0.883261 -0.468882 3.71736
0.401165 -0.916006 3.12433
0.816299 -0.57763 4.6449
675.358 756.167
-0.883261 -0.468882 3.71736
0.945272 0.326283 4.00694
0.816299 -0.57763 4.6449
675.358 756.167
0.401165 -0.916006 3.12433
0.945272 0.326283 4.00694
0.816299 -0.57763 4.6449
730.342 804.024
-0.59827 -0.801295 4.00694
-0.62403 0.7814 9.96733
0.633409 -0.773818 9.57049
182.205 803.419
0.981357 0.192191 3.76495
-0.974616 0.223885 4.54689
0.668208 -0.743974 3.94595
493.027 876.143
-0.987723 -0.156214 6.92963
0.822294 -0.569062 7.77817
-0.00842573 0.999965 5.98
562.422 806.041
-0.996174 -0.0873917 3.10903
-0.730088 0.683354 7.76344
0.578034 -0.816012 6.92375
506.648 798.657
0.996283 -0.0861398 3.10903
-0.365358 -0.930867 3.67776
0.140105 0.990137 3.39893
389.246 806.02
0.00367908 0.999993 4.07143
-0.941906 -0.335875 5.7731
0.819581 0.572964 5.96361
389.246 806.02
0.00367908 0.999993 4.07143
-0.941906 -0.335875 5.7731
0.577823 -0.816162 3.128
389.246 806.02
0.00367908 0.999993 4.07143
0.819581 0.572964 5.96361
0.577823 -0.816162 3.128
389.246 806.02
-0.941906 -0.335875 5.7731
0.819581 0.572964 5.96361
0.577823 -0.816162 3.128
381.822 852.167
0.225189 -0.974315 4.07143
-0.822857 -0.568249 3.76495
0.792576 0.609773 4.60585
864.957 834.767
-0.980107 0.198468 4.90617
0.0765267 -0.997068 5.5125
0.122627 0.992453 5.69697
516.362 858.202
0.976679 0.214705 7.27359
-0.939472 -0.342626 6.64245
0.586267 -0.810118 7.76344
516.362 858.202
0.976679 0.214705 7.27359
-0.939472 -0.342626 6.64245
-0.786281 0.617869 7.77817
516.362 858.202
0.976679 0.214705 7.27359
0.586267 -0.810118 7.76344
-0.786281 0.617869 7.77817
516.362 858.202
-0.939472 -0.342626 6.64245
0.586267 -0.810118 7.76344
-0.786281 0.617869 7.77817
643.456 844.839
-0.942843 0.333238 7.20125
-0.647015 -0.762477 5.37633
0.999743 -0.0226807 8.02469
34.2813 845.404
0.225301 0.974289 8.24958
0.571592 -0.820538 8.24958
-0.976405 0.215949 12
834.989 842.127
-0.5335 0.8458 5.37287
0.980634 -0.19585 4.90617
-0.987675 -0.15652 3.96471
406.803 869.702
-0.995136 0.0985066 13.8907
-0.82974 -0.55815 4.60585
0.981909 -0.189353 6.92963
406.803 869.702
-0.995136 0.0985066 13.8907
-0.82974 -0.55815 4.60585
-0.155124 0.987895 4.13714
406.803 869.702
-0.995136 0.0985066 13.8907
0.981909 -0.189353 6.92963
-0.155124 0.987895 4.13714
406.803 869.702
-0.82974 -0.55815 4.60585
0.981909 -0.189353 6.92963
-0.155124 0.987895 4.13714
557.033 865.603
0.274553 0.961572 4.25088
-0.993551 -0.113383 7.27359
0.994902 -0.100851 7.20125
686.673 850.307
-0.196199 0.980564 7.39798
-0.962634 -0.270805 8.02469
0.782613 -0.622509 9.96733
347.221 915.317
-0.998347 -0.0574827 4.29142
-0.712493 0.701679 4.80959
0.886621 -0.462496 4.13714
319.314 898.615
0.630864 0.775894 4.29142
0.987922 -0.154951 13.8907
-0.998675 -0.0514578 6.62815
156.092 989.407
-0.975088 -0.22182 4.59193
0.999947 -0.0103268 13
-0.0912153 -0.995831 5.65685
111.942 961.867
0.686962 0.726693 4.59193
-0.709414 -0.704792 10.1352
0.870192 -0.492713 2.77617
111.942 961.867
0.686962 0.726693 4.59193
-0.709414 -0.704792 10.1352
-0.739423 0.673241 7.24814
111.942 961.867
0.686962 0.726693 4.59193
0.870192 -0.492713 2.77617
-0.739423 0.673241 7.24814
111.942 961.867
-0.709414 -0.704792 10.1352
0.870192 -0.492713 2.77617
-0.739423 0.673241 7.24814
997.745 991.887
0.2216 0.975138 2
-0.572996 0.819558 3.16228
0.933538 -0.358478 2.23607
24.8595 147.368
-0.143222 0.989691 7.07107
-0.742209 -0.670168 9.3069
0.588552 -0.808459 4.33333
26.6703 79.2095
-0.613761 -0.789492 9.84886
0.0463974 0.998923 2.82843
0.557919 0.829895 8.5
53.5749 925.674
-0.441699 0.897163 14.1205
0.999912 -0.0132583 3
0.0948548 -0.995491 2.5
17.5175 955.322
0.819541 -0.573021 14.1205
-0.280267 0.959922 5.20478
-0.820216 0.572054 11.3115
29.2989 134.475
0.990449 -0.137879 9.84886
-0.0700415 0.997544 4.33333
-0.158449 -0.987367 5.20478
107.171 699.115
-0.999846 0.0175394 4
-0.729647 -0.683824 5.21122
0.986812 0.161871 6.28209
123.435 924.554
0.0366451 0.999328 10.3899
-0.0252663 -0.999681 10.7703
-0.757316 0.653049 10.1352
221.621 675.072
0.928697 -0.370839 4.09524
0.277264 -0.960794 3.11447
0.0910699 0.995845 3.52226
280.749 597.389
0.483492 -0.875349 3.7077
0.164026 0.986456 4.09211
-0.4161 -0.909319 3.28825
424.88 398.944
-0.952749 -0.303758 2.94628
-0.760712 0.649089 3.6285
0.930561 -0.366136 3.96859
385.251 402.568
0.703097 -0.711094 2.94628
-0.0380439 0.999276 3.52762
-0.0101902 -0.999948 3.50578
430.755 609.088
-0.999043 -0.0437446 11.9897
-0.0491772 -0.99879 3.83519
0.259516 0.965739 3.76887
470.57 254.067
0.974258 -0.225436 4.98832
0.0719787 -0.997406 3.62857
-0.938728 0.344659 4.57143
509.052 244.244
-0.964546 0.263916 4.98832
0.0525186 -0.99862 3.64286
0.408569 0.912728 5.61709
473.065 321.075
0.958631 0.28465 3.19565
0.569024 -0.822321 5.76381
-0.626549 0.779382 5.41168
466.06 418.459
0.999708 -0.0241624 3.06571
-0.225319 -0.974285 4.3209
-0.302221 0.953238 3.48375
513.563 424.345
-0.794802 -0.606869 3.06571
-0.735233 0.677815 3.37754
0.9984 0.0565463 4.12028
564.62 642.93
-0.994646 0.103338 2.95
0.605548 0.795809 3.86506
-0.149741 -0.988725 3.43434
643.353 904.787
-0.912404 -0.409292 3.47044
0.749616 -0.661873 5.60904
-0.645927 0.763399 5.7069
645.061 117.507
-0.991173 -0.132574 6.67549
-0.274984 0.961449 5.57457
0.265694 -0.964057 4.6521
599.458 133.109
0.798287 -0.602277 6.67549
-0.338322 -0.941031 7.5
0.0627728 0.998028 8.5
716.054 219.539
-0.917297 -0.398205 6.4945
0.746539 -0.665341 6.98443
0.374311 0.927303 5.1021
687.025 199.601
0.678882 0.734248 6.4945
0.428902 -0.903351 4.13456
-0.857161 -0.515049 5.57457
746.353 911.5
-0.999669 -0.0257369 3.53742
0.224933 -0.974374 3.96471
-0.734825 0.678257 4.79609
746.353 911.5
-0.999669 -0.0257369 3.53742
0.224933 -0.974374 3.96471
0.98363 -0.1802 4.24264
746.353 911.5
-0.999669 -0.0257369 3.53742
-0.734825 0.678257 4.79609
0.98363 -0.1802 4.24264
746.353 911.5
0.224933 -0.974374 3.96471
-0.734825 0.678257 4.79609
0.98363 -0.1802 4.24264
686.35 895.341
0.927223 0.37451 3.53742
0.00595051 -0.999982 7.39798
-0.120486 0.992715 7.76266
710.365 439.876
0.94038 -0.340125 7.51738
-0.917337 -0.398111 6.48181
0.9372 0.348792 4.39943
770.967 759.821
-0.709313 -0.704894 4.6449
-0.705757 0.708454 9.57049
0.779896 -0.625909 10.1262
767.899 587.147
-0.94143 0.337209 3.34363
0.930803 -0.365522 3.21892
-0.838034 -0.545619 3.65946
802.546 347.81
-0.950326 -0.311256 8.51696
0.889416 -0.457099 6.90476
0.320269 0.947327 8.76393
777.003 341.791
0.968873 0.247557 8.51696
-0.588212 -0.808707 15.7727
-0.0430008 0.999075 15.893
849.613 543.164
-0.791354 0.611359 8.05183
-0.140348 0.990102 15.0714
0.392046 -0.919945 8.544
813.906 586.947
0.886911 0.46194 3.93129
0.99635 -0.0853564 2.95389
-0.999999 0.0013551 2.55973
862.853 947.887
-0.733923 0.679233 3.33333
0.399549 0.916712 4.24264
-0.423028 -0.906117 2.98236
880.579 56.7745
0.999803 -0.0198343 2.6747
-0.808919 -0.58792 3
0.885182 0.465245 3.34051
921.371 603.959
0.856624 -0.515942 4
-0.732142 -0.681152 7.91117
0.6024 0.798194 8.67033
981.007 904.533
-0.639738 0.768593 2.66811
0.200287 0.979737 8.94427
0.220109 -0.975475 3.34225
941.817 933.928
0.527219 -0.849729 2.66811
0.942954 -0.332924 4.12311
-0.125714 0.992067 2.83333
997.716 818.748
-0.11575 0.993278 3.06413
-0.657588 0.753378 2.59608
0.850656 -0.525724 2.77617
992.052 924.097
-0.310436 0.950594 4.10122
0.942776 0.333427 11.078
-0.690877 -0.722972 8.94427
1024.26 91.1768
-0.547148 0.837036 9.84886
-0.793757 -0.608235 2
-0.994355 -0.106105 5.38516
999.787 79.2178
0.353104 0.935584 9.84886
0.680207 0.73302 5.38516
0.0953889 -0.99544 9.84886
1009.57 924.295
0.997681 0.0680658 2
0.190434 -0.9817 4.5
-0.994374 -0.105921 11.078
1013.9 913.681
0.875264 0.483645 2
-0.240616 -0.97062 3
-0.679701 0.73349 4.5
117.899 66.1681
0.906139 0.42298 2.83333
-0.520933 -0.853598 3.33333
0.142421 0.989806 5.65685
819.574 416.31
-0.822015 -0.569466 11.0038
-0.0745879 -0.997214 8.76393
0.290452 0.95689 8.56731
588.109 762.639
-0.525673 0.850686 7.68335
-0.89918 -0.437579 6.30609
0.869466 -0.493993 8.10517
1015.17 934.033
0.377522 0.926001 2.23607
-0.287557 0.957764 4.29221
0.207495 -0.978236 3.16228
20.1356 111.44
0.629728 0.776816 5.20478
0.595219 -0.803563 8.5
-0.646089 0.763262 9.3069
940.934 953.41
-0.155123 -0.987895 2.83333
-0.888825 0.458246 10.3899
0.994509 -0.104652 4.12311
