53.1163 11.6977
-0.664446 -0.747337 1.3132
0.174338 0.984686 2.82843
0.974111 -0.226072 2.23607
53.1163 11.6977
-0.664446 -0.747337 1.3132
0.174338 0.984686 2.82843
0.999598 0.0283629 3.16228
53.1163 11.6977
-0.664446 -0.747337 1.3132
0.974111 -0.226072 2.23607
0.999598 0.0283629 3.16228
53.1163 11.6977
0.174338 0.984686 2.82843
0.974111 -0.226072 2.23607
0.999598 0.0283629 3.16228
64.2814 31.7179
-0.790593 -0.612342 2.82843
0.944558 -0.328345 8.36371
-0.637306 0.770611 6.83537
90.4575 14.7725
0.744586 0.667527 11.3137
-0.561752 -0.827305 2.23607
-0.653922 0.756562 11.5494
454.903 172.004
0.127996 -0.991775 4.18182
-0.836209 0.548411 4.70498
0.97248 -0.232984 4.90144
593.632 236.128
0.974181 -0.22577 5.01793
-0.374455 0.927245 7.17235
-0.0210551 -0.999778 5.68421
944.243 124.155
0.300289 0.953848 5.16667
-0.85231 -0.523037 10.6066
0.995275 -0.0970983 13.8333
944.243 124.155
0.300289 0.953848 5.16667
-0.85231 -0.523037 10.6066
-0.544798 -0.838567 3.66667
944.243 124.155
0.300289 0.953848 5.16667
0.995275 -0.0970983 13.8333
-0.544798 -0.838567 3.66667
944.243 124.155
-0.85231 -0.523037 10.6066
0.995275 -0.0970983 13.8333
-0.544798 -0.838567 3.66667
495.795 293.545
-0.936898 -0.349603 7.94688
0.186566 0.982442 11.7047
-0.418896 -0.908034 10.8266
553.33 167.306
0.300954 0.953639 6.4009
-0.419363 0.907819 7.97654
0.300954 0.953639 6.4009
244.997 225.479
0.629586 -0.776931 6.34444
-0.56726 0.823539 6.8645
-0.44488 -0.89559 5.01212
344.277 193.166
-0.956439 0.291931 6.34444
-0.551661 -0.834068 8.0495
0.717666 0.696387 7.99458
237.747 210.753
-0.960618 0.277872 7.25
0.337336 0.941384 5.01212
0.0667413 -0.99777 4.71895
608.146 359.414
0.98427 -0.176671 3.92632
-0.368682 0.929555 7.96804
0.34712 -0.937821 7.88725
181.906 232.568
0.275542 0.961289 3.60555
-0.998948 -0.0458507 8.65
0.787771 -0.615968 7.25
586.811 465.194
0.684033 -0.729451 6.798
-0.314223 0.949349 10.5484
-0.449399 -0.893331 7.89448
498.953 321.655
-0.946438 -0.322885 6.29748
0.534144 0.845393 11.2636
-0.0309588 -0.999521 11.7047
325.99 293.554
-0.981117 0.193414 5.51504
-0.294185 -0.955749 4.28421
0.972451 0.233106 6.66061
694.648 307.733
0.720276 -0.693688 3.65481
-0.587111 0.809507 3.92632
-0.209539 -0.9778 3.8007
723.347 292.294
-0.977519 -0.210845 3.65481
0.50163 -0.865082 3.34388
-0.634074 0.773272 3.40838
723.347 292.294
-0.977519 -0.210845 3.65481
0.50163 -0.865082 3.34388
0.769041 0.6392 4.83801
723.347 292.294
-0.977519 -0.210845 3.65481
-0.634074 0.773272 3.40838
0.769041 0.6392 4.83801
723.347 292.294
0.50163 -0.865082 3.34388
-0.634074 0.773272 3.40838
0.769041 0.6392 4.83801
821.495 298.557
-0.991057 0.133441 4.02354
0.888956 -0.457993 5.92632
-0.781799 0.62353 5.63161
821.495 298.557
-0.991057 0.133441 4.02354
0.888956 -0.457993 5.92632
0.604928 0.79628 5.41222
821.495 298.557
-0.991057 0.133441 4.02354
-0.781799 0.62353 5.63161
0.604928 0.79628 5.41222
821.495 298.557
0.888956 -0.457993 5.92632
-0.781799 0.62353 5.63161
0.604928 0.79628 5.41222
335.274 294.166
-0.323156 0.946346 3.49167
-0.999593 -0.0285123 6.66061
0.964512 0.264039 6.29748
335.274 294.166
-0.323156 0.946346 3.49167
-0.999593 -0.0285123 6.66061
0.0111313 -0.999938 4.4
335.274 294.166
-0.323156 0.946346 3.49167
0.964512 0.264039 6.29748
0.0111313 -0.999938 4.4
335.274 294.166
-0.999593 -0.0285123 6.66061
0.964512 0.264039 6.29748
0.0111313 -0.999938 4.4
733.611 298.868
-0.0335701 0.999436 4.04892
-0.875995 -0.48232 4.83801
0.9473 0.320347 4.02354
286.279 306.537
-0.44036 0.897821 4.40994
-0.941518 0.336964 5.03147
0.939837 -0.341624 5.51504
286.279 306.537
-0.44036 0.897821 4.40994
-0.941518 0.336964 5.03147
-0.156726 -0.987642 5.61475
286.279 306.537
-0.44036 0.897821 4.40994
0.939837 -0.341624 5.51504
-0.156726 -0.987642 5.61475
286.279 306.537
-0.941518 0.336964 5.03147
0.939837 -0.341624 5.51504
-0.156726 -0.987642 5.61475
123.11 335.938
-0.305824 0.952088 5.65685
-0.998682 0.0513342 6.8
0.978516 -0.206169 6.06752
860.213 370.618
0.284225 -0.958758 3.40532
0.986064 0.166368 5.87778
-0.9988 -0.048982 5.38782
252.918 388.157
-0.998078 -0.061963 4.86667
0.0223764 0.99975 3.4568
0.344172 -0.938906 4.40994
252.918 388.157
-0.998078 -0.061963 4.86667
0.0223764 0.99975 3.4568
0.968025 0.250855 4.17391
252.918 388.157
-0.998078 -0.061963 4.86667
0.344172 -0.938906 4.40994
0.968025 0.250855 4.17391
252.918 388.157
0.0223764 0.99975 3.4568
0.344172 -0.938906 4.40994
0.968025 0.250855 4.17391
386.594 335.922
-0.412728 0.910854 3.18599
0.984924 0.172985 4.11333
-0.990568 -0.137021 3.35714
186.163 356.446
0.190308 0.981724 4.40359
-0.973753 0.227607 4.88949
0.875347 -0.483496 5.03147
288.921 393.007
-0.990947 -0.134253 4.11724
0.910508 0.413492 4.79667
0.0343643 -0.999409 3.60555
545.52 377.452
0.850619 0.525783 9.5094
0.212898 0.977075 8.1263
-0.49084 -0.87125 13.135
240.104 387.604
-0.805359 0.592787 3.57639
0.999722 -0.0235938 4.86667
-0.893037 -0.449984 5.47536
429.891 395.946
-0.884239 0.467035 3.70213
0.984863 0.173336 5.2113
-0.758497 -0.651677 3.99408
432.674 395.505
0.875898 0.482496 4.44286
0.999707 0.0242171 8.55
-0.924345 0.381558 5.2113
461.167 441.983
-0.535631 -0.844452 4.44286
0.863586 0.504202 7.32716
-0.99511 0.0987779 4.79667
795.301 387.61
-0.28756 0.957763 4.12011
0.993325 -0.11535 5.38782
-0.950362 -0.311145 6.07203
274.305 391.021
0.409078 0.9125 4.44282
0.990782 0.135466 4.11724
-0.997225 -0.0744442 4.17391
799.215 421.966
-0.994762 0.102218 3.51626
-0.451375 -0.892334 4.12011
0.815618 0.578591 5.13262
802.559 424.98
0.790635 0.612287 4.08487
-0.634817 -0.772663 5.13262
0.789446 -0.61382 3.60417
561.24 425.348
-0.659485 0.751717 12.587
0.594586 0.804032 7.89448
-0.414906 -0.909864 8.1263
112.053 447.796
0.312576 0.949893 5.08333
-0.983137 0.182869 6.03668
-0.0369468 -0.999317 5.81809
534.007 541.546
-0.177263 0.984164 17.0897
0.375865 -0.926674 8.5467
-0.961733 -0.273988 3.40924
634.554 440.51
-0.628491 0.777817 4.52548
0.945871 -0.324542 6.44506
-0.997613 0.0690591 6.798
634.554 440.51
-0.628491 0.777817 4.52548
0.945871 -0.324542 6.44506
0.494958 0.868917 3.1875
634.554 440.51
-0.628491 0.777817 4.52548
-0.997613 0.0690591 6.798
0.494958 0.868917 3.1875
634.554 440.51
0.945871 -0.324542 6.44506
-0.997613 0.0690591 6.798
0.494958 0.868917 3.1875
806.364 546.499
0.621739 -0.783224 3.34987
0.923586 0.383392 3.57621
-0.938284 -0.345867 4.0338
806.364 546.499
0.621739 -0.783224 3.34987
0.923586 0.383392 3.57621
-0.603946 0.797025 3.3892
806.364 546.499
0.621739 -0.783224 3.34987
-0.938284 -0.345867 4.0338
-0.603946 0.797025 3.3892
806.364 546.499
0.923586 0.383392 3.57621
-0.938284 -0.345867 4.0338
-0.603946 0.797025 3.3892
942.465 476.72
0.294316 0.955708 4.66667
-0.995032 -0.0995522 3.86667
0.918959 0.394354 5.51543
935.443 609.557
0.0597451 -0.998214 4.26485
0.499286 0.866437 8.15693
-0.759613 -0.650376 4.26304
644.468 491.302
-0.0763343 0.997082 5.07593
0.999713 0.0239713 3.74919
-0.912461 -0.409165 4.52548
756.624 521.241
0.00299756 -0.999996 5.1
0.91016 0.414256 4.0338
-0.898526 -0.43892 3.74919
514.508 586.504
-0.9772 0.212319 5.23828
-0.378394 0.925645 8.88275
0.449023 -0.89352 17.0897
574.57 501.247
-0.905264 0.424849 8.5467
0.22846 0.973553 6.19246
0.220111 -0.975475 10.5484
574.57 501.247
-0.905264 0.424849 8.5467
0.22846 0.973553 6.19246
-0.378678 0.925528 10.7985
574.57 501.247
-0.905264 0.424849 8.5467
0.220111 -0.975475 10.5484
-0.378678 0.925528 10.7985
574.57 501.247
0.22846 0.973553 6.19246
0.220111 -0.975475 10.5484
-0.378678 0.925528 10.7985
642.251 507.226
0.949077 0.315044 3.85754
-0.541215 0.840884 5.70588
0.172197 -0.985063 5.07593
175.669 633.346
-0.942017 -0.335565 5.74063
-0.235891 -0.97178 4.81818
0.922182 0.386757 5.89784
175.669 633.346
-0.942017 -0.335565 5.74063
-0.235891 -0.97178 4.81818
-0.599437 0.800422 3.39625
175.669 633.346
-0.942017 -0.335565 5.74063
0.922182 0.386757 5.89784
-0.599437 0.800422 3.39625
175.669 633.346
-0.235891 -0.97178 4.81818
0.922182 0.386757 5.89784
-0.599437 0.800422 3.39625
80.3162 599.045
0.197152 -0.980373 5.32718
0.932876 0.360197 6.52389
-0.961166 -0.275969 7.18941
309.131 546.955
0.975655 0.219311 3.6719
0.0544221 0.998518 3.43149
-0.0715874 -0.997434 3.38085
561.436 545.098
0.187105 -0.98234 10.7985
-0.941122 0.338066 4.45387
0.292848 0.956159 10.5807
579.57 524.781
0.998025 -0.0628113 8.21742
0.312592 0.949887 7.09229
-0.139398 -0.990236 6.19246
944.714 625.591
-0.892686 0.450679 6.0649
0.997519 -0.0703929 5.77731
-0.511565 -0.859244 8.15693
495.008 540.888
-0.91483 0.40384 4.14438
-0.965828 -0.259185 3.6719
0.965914 -0.258865 3.40924
944.034 572.063
-0.642325 -0.766432 4.54569
0.577613 -0.81631 4.66667
-0.395091 0.918642 4.26485
341.633 606.11
-0.848402 0.529352 3.51134
0.944264 0.329188 4.65992
-0.803132 -0.595801 3.43149
214.858 645.443
-0.250407 -0.968141 4.17657
-0.961364 -0.275282 5.89784
0.952473 0.304622 5.37438
214.858 645.443
-0.250407 -0.968141 4.17657
-0.961364 -0.275282 5.89784
0.507462 0.861674 3.95417
214.858 645.443
-0.250407 -0.968141 4.17657
0.952473 0.304622 5.37438
0.507462 0.861674 3.95417
214.858 645.443
-0.961364 -0.275282 5.89784
0.952473 0.304622 5.37438
0.507462 0.861674 3.95417
780.659 615.853
0.242168 -0.970234 3.31611
-0.946478 -0.322769 8.11917
0.873577 0.486686 7.91685
824.728 553.736
-0.0329387 0.999457 3.45395
0.945124 0.326712 3.92216
-0.931408 -0.363977 3.57621
787.191 592.794
0.984301 0.176498 3.33929
0.39461 -0.918849 3.3892
-0.299879 0.953977 3.31611
233.125 651.567
0.643967 -0.765053 3.54356
-0.941204 -0.337838 5.37438
0.768584 0.639749 6.5845
64.5786 593.772
-0.990884 0.134714 6.2381
0.940368 0.34016 7.18941
-0.331296 -0.943527 6.7082
107.104 609.656
0.0836386 -0.996496 5.35714
0.916237 0.400638 6.2303
-0.929815 -0.368027 6.52389
107.104 609.656
0.0836386 -0.996496 5.35714
0.916237 0.400638 6.2303
0.233442 0.972371 6
107.104 609.656
0.0836386 -0.996496 5.35714
-0.929815 -0.368027 6.52389
0.233442 0.972371 6
107.104 609.656
0.916237 0.400638 6.2303
-0.929815 -0.368027 6.52389
0.233442 0.972371 6
374.475 611.344
-0.272083 -0.962274 9.95059
0.999855 -0.0170018 5.20366
-0.999576 -0.0291261 4.65992
874.01 639.995
-0.909397 -0.415929 5.0429
-0.865901 0.500215 16.203
0.896404 -0.443239 6.0649
888.3 577.725
-0.47945 0.877569 3.31934
0.895592 0.444876 4.26304
-0.938295 -0.345837 3.92216
321.807 721.911
-0.475827 0.879539 7.6762
-0.96397 -0.266012 6.5845
0.860193 -0.509969 8.29344
456.422 610.271
-0.226392 0.974036 3.43243
0.875923 -0.482451 5.23828
-0.997854 -0.0654747 5.20366
608.642 619.123
0.93999 0.341203 5.25577
-0.24392 0.969795 5.20681
0.0612445 -0.998123 7.09229
102.286 685.607
-0.931172 -0.364581 6.8645
-0.124186 0.992259 7.49552
0.180951 -0.983492 5.38516
369.333 681.563
-0.570074 -0.821593 3.70231
-0.740498 0.672058 8.29344
0.818387 -0.574667 9.55477
823.351 635.455
-0.286493 0.958082 3.23548
-0.938009 -0.346611 7.91685
0.932954 0.359995 8.35519
809.741 672.821
-0.852794 -0.522248 3.20909
-0.129218 0.991616 3.26087
0.298136 -0.954523 3.23548
809.741 672.821
-0.852794 -0.522248 3.20909
-0.129218 0.991616 3.26087
0.999996 0.00266059 3.81658
809.741 672.821
-0.852794 -0.522248 3.20909
0.298136 -0.954523 3.23548
0.999996 0.00266059 3.81658
809.741 672.821
-0.129218 0.991616 3.26087
0.298136 -0.954523 3.23548
0.999996 0.00266059 3.81658
720.704 703.867
0.930658 -0.36589 3.20909
0.700858 0.713301 5.38182
-0.5271 -0.849804 5.25577
303.411 760.148
-0.586218 -0.810153 4.27046
0.417426 -0.908711 7.6762
-0.614227 0.789129 7.57916
303.411 760.148
-0.586218 -0.810153 4.27046
0.417426 -0.908711 7.6762
0.98011 0.198454 5.22818
303.411 760.148
-0.586218 -0.810153 4.27046
-0.614227 0.789129 7.57916
0.98011 0.198454 5.22818
303.411 760.148
0.417426 -0.908711 7.6762
-0.614227 0.789129 7.57916
0.98011 0.198454 5.22818
619.668 725.928
-0.650323 -0.759658 4.66845
-0.462843 0.88644 5.74167
0.562239 -0.826975 5.83691
619.668 725.928
-0.650323 -0.759658 4.66845
-0.462843 0.88644 5.74167
0.87327 0.487236 3.84971
619.668 725.928
-0.650323 -0.759658 4.66845
0.562239 -0.826975 5.83691
0.87327 0.487236 3.84971
619.668 725.928
-0.462843 0.88644 5.74167
0.562239 -0.826975 5.83691
0.87327 0.487236 3.84971
549.465 669.022
0.846912 0.531733 4.66845
0.284468 -0.958686 10.6926
-0.599522 0.800358 10.7858
876.451 661.157
0.103991 0.994578 3.85
0.948108 0.317948 6.42271
-0.943579 -0.331148 6.57035
206.103 807.152
-0.245978 -0.969275 5.5
0.930388 0.366576 7.16071
-0.9771 -0.212783 7.68022
409.3 779.895
-0.462385 -0.88668 3.51459
0.738483 -0.674272 3.05454
-0.0750188 0.997182 5.65441
445.28 737.16
-0.635722 0.771918 12.0521
0.679169 0.733982 4.13947
-0.851047 -0.525089 3.68863
295.66 747.599
-0.861544 0.507682 3.73661
-0.761026 -0.648721 4.45209
0.339387 0.940647 4.27046
428.526 806.885
-0.997832 -0.0658196 8.45446
0.693784 -0.720183 10.2093
-0.308859 0.951108 8.72539
865.587 767.506
0.248914 0.968526 4.49013
0.236907 -0.971532 3.85
-0.829411 0.558639 3.28225
345.845 774.728
-0.28042 0.959877 15.0111
0.860637 0.509219 5.28003
-0.945147 -0.326646 5.22818
607.548 788.925
-0.962276 0.272075 4.17453
0.18165 0.983363 5.00352
-0.000903811 -1 5.49576
829.475 777.389
0.0333969 0.999442 5.82339
0.989848 -0.142128 3.28225
-0.998664 0.0516731 3.28571
382.039 802.621
-0.878322 0.478069 7.80682
0.994696 0.102855 7.64516
-0.740732 -0.671801 5.28003
577.348 797.984
-0.628578 0.777747 3.66667
-0.98296 -0.183821 3.3248
0.970098 -0.242712 4.17453
223.133 812.911
-0.736166 0.676801 4.6786
0.997183 0.0750061 7.57916
-0.947904 -0.318556 7.16071
652.793 802.691
-0.413431 0.910535 3.28389
-0.407849 -0.91305 4.2582
0.831726 0.555186 4.17707
616.982 826.614
0.946941 0.321407 3.28389
0.210431 0.977609 5.22828
-0.261101 -0.965311 5.00352
788.538 785.447
-0.809734 0.586797 3.22401
0.552626 0.833429 5.41899
-0.622577 -0.782559 5.11232
178.981 833.544
0.957093 0.28978 6.93162
-0.985894 0.167368 8.15693
0.924292 -0.381685 4.6786
424.364 820.005
-0.650551 0.759462 5.7959
0.35135 -0.936244 8.72539
0.148086 0.988975 7.54541
237.151 838.417
0.0285755 0.999592 5.7619
-0.997541 -0.0700904 6.93162
0.802712 -0.596367 8.25547
29.3552 862.425
-0.681414 0.731898 3.60555
0.343506 0.93915 10.8333
-0.217231 -0.97612 10.9507
29.3552 862.425
-0.681414 0.731898 3.60555
0.343506 0.93915 10.8333
0.993359 0.11506 9.83333
29.3552 862.425
-0.681414 0.731898 3.60555
-0.217231 -0.97612 10.9507
0.993359 0.11506 9.83333
29.3552 862.425
0.343506 0.93915 10.8333
-0.217231 -0.97612 10.9507
0.993359 0.11506 9.83333
386.131 864.973
-0.910209 -0.41415 4.40016
0.738489 -0.674266 5.7959
-0.532765 0.846263 5.85714
489.901 869.315
-0.998017 0.0629395 3.78609
-0.604373 0.796702 3.19417
0.250193 -0.968196 3.3248
489.901 869.315
-0.998017 0.0629395 3.78609
-0.604373 0.796702 3.19417
0.981166 -0.193165 3.5152
489.901 869.315
-0.998017 0.0629395 3.78609
0.250193 -0.968196 3.3248
0.981166 -0.193165 3.5152
489.901 869.315
-0.604373 0.796702 3.19417
0.250193 -0.968196 3.3248
0.981166 -0.193165 3.5152
428.413 854.361
0.946143 0.32375 3.78609
-0.0806843 -0.99674 7.54541
-0.0207968 0.999784 7.66925
1007.08 870.719
-0.890778 0.454439 4
0.995247 0.0973785 1.83333
-0.557705 -0.830039 13.3333
963.787 889.857
-0.557766 0.829999 10.9507
0.894075 -0.447918 4
-0.858394 -0.512991 4.24264
42.892 890.707
-0.715672 0.698436 1.51423
0.695327 0.718694 4.47214
-0.529187 -0.848505 10.8333
936.703 898.689
0.8479 0.530155 14
-0.995803 0.0915258 9.08491
0.995534 -0.0944066 10.9507
965.179 906.865
0.401359 0.915921 7.24814
0.872106 0.489317 9.50077
-0.996296 0.0859919 14
1010.53 918.399
-0.562438 0.82684 3.53553
0.464633 -0.885503 4.94975
-0.956458 0.291869 9.50077
1010.53 918.399
-0.562438 0.82684 3.53553
0.464633 -0.885503 4.94975
0.389427 0.921057 2.5
1010.53 918.399
-0.562438 0.82684 3.53553
-0.956458 0.291869 9.50077
0.389427 0.921057 2.5
1010.53 918.399
0.464633 -0.885503 4.94975
-0.956458 0.291869 9.50077
0.389427 0.921057 2.5
989.724 930.592
0.994462 0.105096 3.53553
-0.930926 -0.365208 6.83333
-0.191439 0.981504 4
966.1 929.408
-0.938274 0.345894 9.54594
-0.437883 0.899032 7.24814
0.829781 -0.55809 7.24814
964.688 965.401
-0.721399 0.692519 3.31662
0.993275 -0.115776 4
-0.531235 -0.847225 7.24814
932.855 978.504
0.9999 -0.0141228 3.31662
-0.592315 0.805707 2.23607
-0.628197 -0.778054 2.82843
932.855 978.504
0.9999 -0.0141228 3.31662
-0.592315 0.805707 2.23607
-0.00346015 0.999994 2.16667
932.855 978.504
0.9999 -0.0141228 3.31662
-0.628197 -0.778054 2.82843
-0.00346015 0.999994 2.16667
932.855 978.504
-0.592315 0.805707 2.23607
-0.628197 -0.778054 2.82843
-0.00346015 0.999994 2.16667
13.1677 74.7676
-0.625717 -0.78005 1.66743
-0.445729 0.895168 3
0.591812 0.806076 2.5
13.1677 74.7676
-0.625717 -0.78005 1.66743
-0.445729 0.895168 3
0.487776 -0.872969 4.24264
13.1677 74.7676
-0.625717 -0.78005 1.66743
0.591812 0.806076 2.5
0.487776 -0.872969 4.24264
13.1677 74.7676
-0.445729 0.895168 3
0.591812 0.806076 2.5
0.487776 -0.872969 4.24264
12.5501 875.418
-0.997995 -0.0632913 1.92538
-0.664243 -0.747517 4.6521
0.949964 -0.312358 3.60555
59.0517 419.576
-0.982371 0.186941 6.7619
-0.364983 0.931014 7.61577
0.0695476 -0.997579 7.1
85.9341 21.9379
-0.963607 -0.267322 3.16228
0.582283 -0.812986 11.5494
-0.891153 0.453703 8.36371
56.5676 387.301
0.999998 0.00195062 7.5
0.156393 0.987695 7.1
-0.414202 -0.910185 8.5
113.234 433.412
-0.89497 0.446127 4.93333
-0.233431 0.972373 5.81809
0.290549 -0.95686 5.07759
122.32 767.963
-0.990202 -0.139645 7.10332
0.861715 0.507393 7.6467
-0.371326 -0.928503 7.49552
145.473 622.737
-0.500802 0.865562 3.69408
0.935631 0.352979 5.74063
-0.974131 -0.225986 6.2303
110.942 646.148
0.928011 -0.372554 3.69408
-0.0734634 0.997298 5.38516
-0.149257 -0.988798 6
151.989 366.348
-0.91156 -0.411167 5
-0.699134 0.71499 5.07759
0.904762 -0.425917 4.88949
116.814 359.746
0.987985 0.154549 5
-0.23557 0.971857 11.7222
0.256603 -0.966517 5.65685
132.737 771.437
0.464151 -0.885756 4.06251
0.769641 0.638476 7.68022
-0.979615 -0.200883 7.6467
169.799 976.82
0.338696 -0.940896 3.88239
-0.360779 0.932651 2.82843
-0.916772 -0.399412 2.23607
193.118 383.666
0.999094 -0.0425655 4.23224
-0.338586 0.940936 4.29197
-0.229196 -0.97338 4.40359
229.742 379.135
-0.970363 0.241652 4.23224
0.605079 0.796165 5.47536
-0.0996059 -0.995027 4.21782
200.327 789.082
0.870343 -0.492446 5.56142
-0.501144 -0.865364 5.82082
0.365869 0.930666 5.5
248.963 711.435
-0.898897 0.43816 7.35
-0.280976 -0.959715 3.95417
0.774587 0.632467 4.45209
223.051 258.787
0.793521 0.608543 5.61475
-0.707158 0.707056 6.06752
0.538435 -0.842667 6.8645
281.033 404.049
-0.371141 0.928577 2.84742
0.349184 0.937054 4.01719
-0.475209 -0.879873 4.44282
335.176 145.52
-0.985689 -0.168572 10.0062
0.778783 0.627294 10.8266
-0.206294 -0.97849 8.76036
421.18 388.73
-0.997397 0.0721103 3.85591
0.720343 0.693618 3.99408
-0.145336 -0.989382 4.11333
404.011 234.12
-0.198101 0.980182 4.4
-0.931028 -0.364947 7.99458
0.907 0.421131 7.94688
412.987 700.908
0.765305 -0.643668 3.42534
-0.502396 0.864638 2.94705
-0.0561838 -0.99842 4.52688
445.731 658.332
-0.154761 0.987952 3.42534
-0.978245 0.207454 9.55477
0.906901 -0.421344 8.88275
466.393 759.979
-0.671084 -0.741381 4.13947
0.590335 -0.807158 10.0371
-0.573219 0.819402 10.2093
504.846 714.883
-0.668113 -0.744059 3.54101
0.758838 -0.651279 10.7858
-0.688716 0.725031 10.0371
465.36 686.345
0.867992 0.496578 3.54101
0.0601226 -0.998191 11.145
-0.100733 0.994913 15.0432
475.951 447.066
0.799313 0.600915 4.55577
0.811112 -0.584891 14.9169
-0.959519 -0.281643 7.32716
531.033 308.049
-0.914826 -0.403849 7.89417
0.745624 -0.666367 6.32632
0.32305 0.946382 3.30194
532.274 202.997
0.967795 0.251739 4.91111
-0.563198 0.826322 3.57265
-0.174839 -0.984597 4.08333
502.393 269.595
0.919921 -0.392104 3.56935
0.448117 0.893975 11.1406
-0.477631 -0.87856 4.70498
542.018 371.978
0.00596836 -0.999982 9.51096
0.437733 0.899105 13.135
-0.851503 -0.52435 11.2636
556.754 633.522
0.979598 0.200966 3.4525
0.0866784 -0.996236 10.5807
-0.131013 0.991381 10.6926
608.892 759.188
-0.999162 0.0409271 3.15103
-0.102941 0.994687 5.49576
0.147457 -0.989068 5.74167
580.673 752.367
0.886768 0.462215 3.15103
-0.221774 -0.975098 3.12889
-0.260571 0.965455 2.92627
587.207 140.365
0.886217 0.46327 6.53571
0.0445382 0.999008 5.68421
-0.0938879 -0.995583 6.25
609.87 651.817
0.964796 0.263 3.54359
0.561886 0.827214 5.61811
-0.269847 -0.962903 5.20681
632.86 683.957
0.841199 0.540726 3.31826
0.0325696 0.999469 5.83691
-0.610369 -0.792117 5.61811
677.013 758.771
-0.754471 0.656334 3.20574
-0.713129 -0.701033 3.31826
0.597903 0.801569 2.99618
677.013 758.771
-0.754471 0.656334 3.20574
-0.713129 -0.701033 3.31826
0.464517 -0.885564 2.98261
677.013 758.771
-0.754471 0.656334 3.20574
0.597903 0.801569 2.99618
0.464517 -0.885564 2.98261
677.013 758.771
-0.713129 -0.701033 3.31826
0.597903 0.801569 2.99618
0.464517 -0.885564 2.98261
646.428 775.847
0.972297 -0.233748 3.20574
-0.294673 -0.955598 3.84971
0.0860891 0.996287 4.2582
663.445 141.32
0.384594 0.923086 7.43539
0.205945 -0.978564 5.19394
-0.26244 0.964948 5.01793
687.016 190.345
-0.624756 -0.78082 7.43539
-0.730821 0.682569 7.88725
0.894069 -0.447929 7.50873
655.118 560.043
0.601939 -0.798542 3.18266
-0.734719 -0.678372 8.21742
0.648008 0.761634 8.11917
701.255 797.92
-0.943831 0.330429 3.08668
-0.36813 -0.929775 2.99618
0.346513 0.938045 2.89242
701.255 797.92
-0.943831 0.330429 3.08668
-0.36813 -0.929775 2.99618
0.97688 -0.213788 3.7981
701.255 797.92
-0.943831 0.330429 3.08668
0.346513 0.938045 2.89242
0.97688 -0.213788 3.7981
701.255 797.92
-0.36813 -0.929775 2.99618
0.346513 0.938045 2.89242
0.97688 -0.213788 3.7981
663.732 810.488
0.941701 -0.336451 3.08668
-0.793635 -0.608395 4.17707
0.361311 0.932446 4.06663
709.874 885.127
0.892213 -0.451616 3.88112
-0.46495 -0.885337 4.06663
0.368252 0.929726 3.91983
822.475 436.377
-0.659249 0.751924 5.14286
-0.943084 -0.332555 4.08487
0.973752 0.227611 3.86667
771.19 767.082
0.162749 -0.986667 3.15686
0.743973 0.668209 5.11232
-0.718817 -0.695199 5.38182
826.286 580.433
0.999599 0.0283 11.4167
-0.111468 -0.993768 3.45395
-0.62851 0.777802 3.33929
878.851 601.22
-0.91607 -0.401018 3.29231
-0.734759 0.678328 5.0429
0.286556 -0.958063 3.31934
840.919 641.592
0.40437 -0.914596 3.29231
-0.946078 -0.323939 8.35519
0.954348 0.298696 16.203
890.785 105.457
-0.323222 -0.946323 2.16667
-0.997587 0.0694249 9.48683
0.999601 0.0282416 5.56555
904.518 48.2492
0.712374 -0.7018 10.0292
-0.342222 -0.939619 2
-0.711768 0.702414 5.92632
888.409 25.6901
0.999932 -0.0117026 10.0292
-0.981682 0.190526 3.33333
0.726279 0.6874 2
944.689 937.089
-0.713794 -0.700356 8.83333
0.914142 -0.405393 9.54594
-0.35559 0.934642 12
925.511 899.665
0.337813 0.941213 8.83333
-0.87764 0.479321 9.89949
0.986191 -0.165611 9.08491
936.92 113.953
0.910022 0.414559 3.66667
0.863814 -0.503812 15.2293
0.405075 0.914283 10.6066
971.351 107.303
0.601166 0.799124 2.82843
-0.455719 0.890124 2.50606
-0.926532 -0.376216 2.23607
962.398 827.099
-0.0353729 -0.999374 8.21948
0.149479 0.988765 5.92632
-0.658823 -0.752298 4.00694
1008.47 101.056
0.912689 0.408655 2
-0.984779 -0.173809 2.77617
0.104832 -0.99449 2.82843
985.936 136.465
0.969189 -0.246317 5.56555
-0.199037 -0.979992 2.82843
-0.487154 0.873316 4.47214
777.148 381.7
0.958612 0.284714 6.07203
0.38703 -0.922067 5.63161
-0.895172 0.445721 6.44506
412.384 805.796
-0.214013 -0.976831 5.65441
0.999894 -0.014575 8.45446
-0.991612 -0.129248 7.64516
405.864 712.301
0.909473 0.415762 3.68863
-0.228337 0.973582 3.51459
0.542764 -0.839885 2.94705
905.862 973.922
0.699594 -0.714541 2.82843
0.126309 -0.991991 12
0.50948 0.860482 2.23607
137.466 977.034
0.693105 -0.720837 2.23607
-0.982131 0.188199 4.47214
0.760333 0.649533 2.82843
950.915 124.778
0.530971 -0.84739 2.23607
-0.992546 -0.121871 13.8333
0.820545 -0.571582 2.50606
984.904 96.701
-0.503044 -0.864261 2.82843
0.321587 -0.94688 3.16228
0.519205 0.85465 2.77617
