914.161	 826.264	 0.707107	 -0.707107
909.153	 832.354	 0.707107	 -0.707107
903.496	 838.011	 0.707107	 -0.707107
897.685	 843.856	 0.707107	 -0.707107
891.33	 849.33	 0.707107	 -0.707107
885.272	 855.272	 0.707107	 -0.707107
436.333	 107.431	 -1.83691e-016	 -1
432.375	 114.448	 0.382683	 -0.92388
431.482	 122.007	 -1.83691e-016	 -1
431.714	 130.089	 -1.83691e-016	 -1
428.036	 137.036	 0.382683	 -0.92388
423.891	 143.955	 0.382683	 -0.92388
420.472	 151.488	 0.382683	 -0.92388
416.673	 158.917	 0.92388	 -0.382683
408.95	 159.05	 0.92388	 0.382683
402.387	 153.773	 0.707107	 0.707107
395.843	 149.157	 0.707107	 0.707107
389.061	 142.975	 0.382683	 0.92388
384	 135.5	 0.382683	 0.92388
379.37	 128.054	 0.382683	 0.92388
376.007	 119.997	 0.382683	 0.92388
373.5	 112	 6.12303e-017	 1
372.5	 104	 6.12303e-017	 1
373.125	 95.8447	 0.382683	 -0.92388
377.884	 90.1206	 0.92388	 -0.382683
384	 85.9926	 1	 0
392	 86.0109	 1	 0
400	 85.9895	 1	 0
408	 85.4275	 1	 0
416	 84.9964	 1	 0
424	 85	 1	 0
432	 84.9929	 1	 0
440	 84.9965	 1	 0
448	 85	 1	 0
456	 84.0108	 1	 0
464	 84.0036	 1	 0
472	 84.0037	 1	 0
480	 83.9962	 1	 0
488	 83.363	 1	 0
496	 82.9926	 1	 0
504	 82.9925	 1	 0
512	 82.9925	 1	 0
520	 82.9889	 1	 0
524.811	 85.3608	 -0.707107	 -0.707107
525.05	 93.5	 -1.83691e-016	 -1
525.521	 101.991	 0.382683	 0.92388
590.099	 83.1522	 0.382683	 -0.92388
589.45	 92	 -0.382683	 -0.92388
589.063	 100.026	 6.12303e-017	 1
588.019	 108.008	 6.12303e-017	 1
586.968	 116	 6.12303e-017	 1
586.283	 124	 6.12303e-017	 1
586.431	 132	 6.12303e-017	 1
587.218	 140	 0.382683	 0.92388
647.907	 83.5858	 -0.707107	 -0.707107
650.196	 92	 -0.382683	 -0.92388
650.19	 100	 0.382683	 0.92388
652.5	 107.5	 0.382683	 0.92388
654.321	 116.074	 0.382683	 0.92388
653.25	 124.104	 -0.382683	 0.92388
651.35	 132.145	 6.12303e-017	 1
649.318	 139.848	 -0.382683	 0.92388
681.913	 84.2134	 0.382683	 -0.92388
679.8	 91.9172	 0.382683	 -0.92388
676.994	 100	 6.12303e-017	 1
674.02	 108.008	 -0.382683	 0.92388
671.503	 115	 6.12303e-017	 1
668.852	 122.938	 -0.382683	 0.92388
665.735	 131.097	 -0.382683	 0.92388
663.272	 139	 6.12303e-017	 1
662.718	 147	 0.382683	 0.92388
509.565	 283.848	 0.382683	 0.92388
505.804	 276.081	 0.382683	 0.92388
569	 424.083	 -1	 1.22461e-016
576.53	 422.572	 -0.92388	 0.382683
583.597	 420.734	 -1	 1.22461e-016
589.87	 415.058	 -0.92388	 0.382683
596.08	 410.326	 -0.382683	 0.92388
598.025	 401.511	 6.12303e-017	 1
599.56	 393	 6.12303e-017	 1
600.875	 385	 -0.382683	 0.92388
602.2	 376.583	 6.12303e-017	 1
604.398	 368.458	 -0.382683	 0.92388
607.645	 360.56	 -0.382683	 0.92388
204.235	 124.803	 -0.92388	 -0.382683
212	 125.529	 -0.92388	 0.382683
220.104	 126.25	 -0.92388	 -0.382683
228	 127.778	 -0.92388	 0.382683
236	 126.75	 -1	 1.22461e-016
244	 126.964	 -1	 1.22461e-016
252	 125.833	 -0.92388	 0.382683
259.997	 127.507	 -0.92388	 -0.382683
267	 128.917	 -0.92388	 -0.382683
274.515	 130.036	 -1	 1.22461e-016
283.011	 131.473	 -1	 1.22461e-016
290.942	 132.058	 -0.92388	 -0.382683
297.513	 136.97	 0.707107	 0.707107
455.042	 168	 6.12303e-017	 1
456.268	 160	 -1.83691e-016	 -1
456.55	 151.479	 -1.83691e-016	 -1
454.578	 143.468	 -0.382683	 -0.92388
456.512	 133.995	 -0.382683	 -0.92388
207.5	 130.5	 -1	 1.22461e-016
211.643	 138	 -1.83691e-016	 -1
215.25	 145	 -0.382683	 -0.92388
215.985	 152.951	 -0.382683	 0.92388
217.083	 160.965	 0.382683	 0.92388
215.821	 169	 6.12303e-017	 1
218.864	 176.435	 0.707107	 0.707107
526.392	 212	 6.12303e-017	 1
530.825	 205	 -0.382683	 0.92388
556.295	 181.622	 -0.382683	 0.92388
556.354	 173.854	 6.12303e-017	 1
544.694	 188.581	 -0.707107	 0.707107
547.278	 180.408	 0.382683	 -0.92388
152.53	 223.262	 0.707107	 0.707107
150.8	 215.8	 -0.382683	 0.92388
155.526	 209.934	 -0.382683	 0.92388
155.604	 201.957	 0.382683	 0.92388
156.833	 194	 -1.83691e-016	 -1
154.836	 186.482	 -0.707107	 -0.707107
150.938	 180.063	 -0.382683	 -0.92388
47.8657	 345.488	 -0.707107	 0.707107
55	 342.3	 -1	 1.22461e-016
62.6522	 340.765	 -1	 1.22461e-016
71	 339.95	 -0.92388	 0.382683
78.9655	 338.917	 -0.92388	 0.382683
245.174	 224.174	 -0.707107	 0.707107
251.138	 218.333	 -0.707107	 0.707107
257.043	 211.605	 -0.92388	 0.382683
264.688	 205.955	 -0.92388	 0.382683
272.094	 202.727	 -0.92388	 0.382683
279.976	 200.442	 -0.92388	 0.382683
288	 198.15	 -1	 1.22461e-016
296	 198.228	 -1	 1.22461e-016
304	 198.567	 1	 0
313	 198.269	 1	 0
321	 198.063	 1	 0
330	 197.333	 0.92388	 -0.382683
337.656	 194.873	 0.92388	 -0.382683
775.597	 219.748	 -0.382683	 0.92388
779.15	 212.562	 0.382683	 -0.92388
781.512	 205.297	 0.382683	 -0.92388
782.25	 197	 -1.83691e-016	 -1
780.25	 189.104	 -0.382683	 -0.92388
776.688	 180.313	 -0.382683	 -0.92388
773.75	 173	 -0.382683	 -0.92388
105.771	 234.021	 -0.92388	 -0.382683
113	 232.5	 -1	 1.22461e-016
121	 234.25	 -1	 1.22461e-016
129	 234.575	 -1	 1.22461e-016
136.91	 233.783	 -0.92388	 0.382683
144.457	 229.304	 -0.92388	 -0.382683
152	 231	 -1	 1.22461e-016
613.418	 358.302	 -1	 1.22461e-016
622	 356.922	 -1	 1.22461e-016
630	 355.509	 -1	 1.22461e-016
638.126	 353.805	 -0.92388	 0.382683
645.005	 351.012	 -0.92388	 0.382683
652.579	 348.691	 -0.92388	 0.382683
660.502	 345.005	 -0.92388	 0.382683
667.023	 341.556	 -0.92388	 0.382683
671.991	 337.991	 -0.707107	 0.707107
676.062	 334.062	 -0.707107	 0.707107
680.27	 329.27	 -0.707107	 0.707107
685.367	 322.445	 -0.382683	 0.92388
689.61	 314.546	 -0.382683	 0.92388
695.065	 308.027	 -0.382683	 0.92388
768.063	 210.526	 0.382683	 -0.92388
763.5	 216.5	 0.707107	 -0.707107
758.933	 224.472	 0.382683	 -0.92388
755.409	 232.462	 0.382683	 -0.92388
752.402	 240.459	 -0.382683	 0.92388
749.32	 247.383	 -0.382683	 0.92388
745.353	 254.439	 -0.382683	 0.92388
741.745	 261.602	 -0.382683	 0.92388
737.792	 269.621	 -0.382683	 0.92388
732.62	 276.55	 -0.707107	 0.707107
728.429	 283.471	 -0.382683	 0.92388
724.697	 290.581	 -0.382683	 0.92388
927.702	 223.702	 0.382683	 -0.92388
920.339	 228.405	 0.707107	 -0.707107
913.929	 232.828	 0.92388	 -0.382683
906.987	 236.969	 -0.92388	 0.382683
899.026	 241.063	 -0.92388	 0.382683
891.545	 246.108	 -0.707107	 0.707107
885.865	 250.865	 -0.92388	 0.382683
879	 255.482	 -1	 1.22461e-016
872.482	 261.957	 -0.92388	 0.382683
865.446	 267.37	 -0.92388	 0.382683
857.873	 272.194	 -0.92388	 0.382683
850.923	 277.314	 -0.92388	 0.382683
843.971	 282.429	 -0.92388	 0.382683
836.909	 287.28	 -0.92388	 0.382683
830.06	 292.044	 -0.92388	 0.382683
823.624	 297.3	 -0.92388	 0.382683
189	 251	 0.382683	 0.92388
185.5	 244	 -1.83691e-016	 -1
184.05	 236.479	 -0.382683	 -0.92388
273.172	 262.429	 0.382683	 0.92388
270.929	 255	 0.382683	 0.92388
269.364	 247	 -1.83691e-016	 -1
266.078	 239.468	 -0.382683	 -0.92388
119	 272.75	 0.92388	 -0.382683
111.55	 271.45	 0.707107	 0.707107
108.125	 264	 0.382683	 0.92388
105.107	 255	 0.382683	 -0.92388
105.465	 247.152	 0.382683	 -0.92388
103.389	 239.586	 -0.707107	 -0.707107
326.542	 234.517	 -1.83691e-016	 -1
323.676	 241.573	 -1.83691e-016	 -1
321.762	 249.402	 0.707107	 -0.707107
318.541	 257.017	 0.382683	 -0.92388
317.309	 265	 0.382683	 0.92388
319.525	 272.49	 6.12303e-017	 1
321.594	 279.961	 0.382683	 0.92388
324.278	 287.885	 0.382683	 0.92388
88.8132	 514.849	 0.92388	 0.382683
83	 510	 0.382683	 0.92388
83.3333	 502	 -0.382683	 0.92388
83.3472	 494	 6.12303e-017	 1
83.5	 485.5	 6.12303e-017	 1
563.541	 288.1	 0.92388	 -0.382683
555.529	 292.07	 0.92388	 -0.382683
548.568	 296.663	 0.92388	 -0.382683
540.988	 300.472	 0.92388	 -0.382683
533.051	 304.623	 -0.707107	 0.707107
698.262	 304.262	 -0.707107	 0.707107
704.242	 298.242	 0.707107	 -0.707107
710.535	 292.583	 0.92388	 -0.382683
718	 291.107	 1	 0
725.721	 295.068	 -0.92388	 -0.382683
113.765	 281.152	 -1.83691e-016	 -1
109.631	 286.846	 0.382683	 -0.92388
107.417	 293.965	 0.382683	 -0.92388
104	 300	 0.382683	 -0.92388
104	 309	 0.382683	 0.92388
109.271	 314.729	 0.707107	 0.707107
104.03	 315.929	 0.707107	 0.707107
96.3619	 316.667	 -0.92388	 0.382683
336.11	 299.464	 0.92388	 -0.382683
331.57	 305.029	 0.382683	 -0.92388
329.089	 313	 6.12303e-017	 1
327.365	 321	 6.12303e-017	 1
327	 329	 6.12303e-017	 1
324.474	 336.489	 6.12303e-017	 1
324.546	 344	 6.12303e-017	 1
325.328	 352	 6.12303e-017	 1
326.958	 360	 6.12303e-017	 1
327.12	 368	 6.12303e-017	 1
326.531	 376	 6.12303e-017	 1
328.527	 383.696	 0.382683	 0.92388
329.765	 391.848	 0.382683	 0.92388
732.485	 303.256	 -0.382683	 -0.92388
732.7	 311	 0.382683	 -0.92388
733.058	 319	 6.12303e-017	 1
733	 327	 6.12303e-017	 1
730.944	 334.977	 -0.707107	 0.707107
726.066	 340.066	 -0.707107	 0.707107
721.099	 345.099	 -0.707107	 0.707107
80.5834	 332.254	 1	 0
75.075	 328	 0.382683	 0.92388
70.8358	 321.189	 -0.707107	 -0.707107
61.1522	 320.235	 -0.92388	 -0.382683
231.328	 448	 6.12303e-017	 1
231.558	 439.524	 6.12303e-017	 1
235.227	 432.227	 -0.707107	 0.707107
240.686	 425.577	 -0.382683	 0.92388
242.636	 418.556	 -0.382683	 0.92388
245.716	 410.589	 -0.382683	 0.92388
250.115	 403.115	 -0.707107	 0.707107
253.123	 396	 6.12303e-017	 1
831.648	 327.414	 -0.707107	 0.707107
834.056	 320	 0.382683	 -0.92388
831.612	 311.953	 -0.382683	 -0.92388
826.587	 304.413	 -0.382683	 -0.92388
490.707	 435.871	 0.382683	 -0.92388
485.24	 441.883	 0.382683	 -0.92388
478.696	 445.714	 0.92388	 -0.382683
112.096	 388.848	 -0.382683	 0.92388
112.861	 381	 6.12303e-017	 1
114.333	 372.638	 6.12303e-017	 1
115.694	 364.081	 -0.707107	 0.707107
483.037	 382.088	 1	 0
475.049	 384.617	 0.92388	 -0.382683
467	 390.202	 0.92388	 -0.382683
459.239	 393.898	 0.92388	 -0.382683
451.543	 395.429	 1	 0
443.696	 396.194	 0.92388	 -0.382683
922	 328.5	 1	 0
914.948	 329.875	 0.92388	 -0.382683
907.459	 333.4	 0.92388	 -0.382683
899.518	 337.544	 0.92388	 -0.382683
892	 341.404	 0.92388	 -0.382683
883.534	 344.583	 0.92388	 -0.382683
875.629	 348.812	 0.92388	 -0.382683
868.837	 352.837	 -0.707107	 0.707107
863.921	 359.467	 -0.382683	 0.92388
251	 387.483	 1	 0
243	 387.868	 1	 0
362	 364.5	 -0.92388	 0.382683
369.102	 361.247	 0.707107	 -0.707107
374.129	 354.553	 0.707107	 -0.707107
378.907	 347.907	 0.382683	 -0.92388
383.491	 340.996	 0.382683	 -0.92388
52.7333	 446	 6.12303e-017	 1
54	 438	 -0.382683	 0.92388
55.75	 429.604	 6.12303e-017	 1
160.133	 475.055	 -0.382683	 0.92388
162.286	 467.089	 6.12303e-017	 1
158.643	 459	 0.382683	 0.92388
156.35	 452.438	 6.12303e-017	 1
157.275	 444.614	 -0.382683	 0.92388
161.401	 437.917	 -0.382683	 0.92388
163.843	 430.435	 -0.382683	 0.92388
167.493	 423.497	 -0.382683	 0.92388
170.713	 415.881	 -0.382683	 0.92388
174.872	 409.098	 -0.382683	 0.92388
178.538	 402.091	 -0.92388	 0.382683
185.146	 397.146	 -0.707107	 0.707107
190.643	 390.559	 -0.382683	 0.92388
1000	 390.548	 0.92388	 0.382683
992.587	 388.291	 0.92388	 0.382683
984	 387	 1	 0
976	 387.556	 1	 0
968	 386.979	 1	 0
960	 387.098	 1	 0
952	 386.164	 1	 0
944	 385.976	 1	 0
936	 385.315	 1	 0
928	 384.893	 1	 0
920	 383.85	 1	 0
912.069	 382.833	 1	 0
904.131	 380.685	 1	 0
896	 378.125	 1	 0
888.086	 376.292	 0.92388	 0.382683
880	 374.692	 0.92388	 0.382683
872	 372.661	 1	 0
864	 371.286	 1	 0
287	 392.626	 1	 0
279	 391.741	 1	 0
551.499	 378.243	 -0.707107	 -0.707107
558.023	 383.74	 -0.382683	 -0.92388
560.814	 390.87	 0.382683	 0.92388
564.067	 398.972	 0.382683	 0.92388
566.596	 405.96	 0.382683	 0.92388
569.252	 413.103	 0.382683	 0.92388
730.554	 384.631	 1	 0
723.93	 387.331	 0.92388	 -0.382683
717.268	 391.661	 -0.92388	 0.382683
711.031	 395.031	 -0.707107	 0.707107
237.367	 389.754	 0.92388	 -0.382683
230.683	 394.683	 0.707107	 -0.707107
224.793	 399.793	 0.707107	 -0.707107
218.917	 405.917	 -0.707107	 0.707107
214.876	 410.876	 -0.707107	 0.707107
210.051	 416.051	 -0.707107	 0.707107
205.724	 420.724	 -0.707107	 0.707107
201.309	 426.309	 -0.382683	 0.92388
198.5	 434	 6.12303e-017	 1
196.321	 441.926	 -0.382683	 0.92388
194.5	 450	 6.12303e-017	 1
400.192	 406.477	 0.92388	 -0.382683
392.611	 406.732	 0.92388	 0.382683
385	 406.209	 1	 0
377	 406.209	 1	 0
369.256	 407.515	 -0.92388	 0.382683
361	 409.06	 -0.92388	 -0.382683
395.509	 406.521	 -0.92388	 0.382683
403.054	 402.631	 0.92388	 -0.382683
411.035	 401.586	 1	 0
418.754	 403.493	 1	 0
427.04	 399.097	 1	 0
441.081	 401.306	 -0.92388	 -0.382683
448.848	 404.01	 0.92388	 0.382683
455.33	 408.618	 0.707107	 0.707107
452.537	 416.515	 -0.382683	 0.92388
451.39	 425	 6.12303e-017	 1
454.614	 431.953	 0.382683	 0.92388
459.472	 438.528	 0.707107	 0.707107
793.311	 394.922	 0.382683	 -0.92388
791.722	 403	 6.12303e-017	 1
793.944	 411.023	 0.382683	 0.92388
797.264	 417.891	 0.382683	 0.92388
877.71	 394.881	 0.707107	 -0.707107
872.069	 400.167	 1	 0
864	 401.924	 -1	 1.22461e-016
856.456	 401.394	 -1	 1.22461e-016
337.042	 452.012	 0.92388	 0.382683
331.399	 446.601	 0.707107	 0.707107
324	 443.886	 1	 0
315.431	 443.167	 1	 0
307	 439.781	 1	 0
299.929	 437.684	 0.92388	 0.382683
294.283	 431.59	 0.382683	 0.92388
290.235	 424.11	 -0.707107	 -0.707107
286.042	 416.983	 -0.382683	 -0.92388
283.5	 409.5	 -1.83691e-016	 -1
656.403	 438.765	 -0.92388	 0.382683
664.539	 436.095	 -0.92388	 0.382683
672	 434.253	 -0.92388	 0.382683
679.384	 432.221	 -0.92388	 0.382683
686.911	 430.284	 -0.92388	 0.382683
695	 428.381	 -1	 1.22461e-016
702.696	 426.194	 0.92388	 -0.382683
712	 425.501	 0.92388	 -0.382683
720	 424.587	 1	 0
728	 425.715	 1	 0
735.642	 429.156	 0.92388	 0.382683
743.049	 432.383	 1	 0
751.027	 431.566	 0.92388	 -0.382683
758	 429.812	 1	 0
765.898	 428.255	 0.92388	 -0.382683
774	 427.182	 1	 0
781.45	 424.379	 0.92388	 -0.382683
789	 422.633	 1	 0
804.996	 426.004	 -0.707107	 -0.707107
811.098	 431.763	 -0.707107	 -0.707107
818.347	 434.87	 -0.92388	 -0.382683
561.848	 432.235	 1	 0
553.5	 434	 0.382683	 -0.92388
550.416	 440.535	 -0.382683	 -0.92388
552.884	 448	 -1.83691e-016	 -1
553.859	 456	 -0.382683	 0.92388
548.077	 462.077	 -0.92388	 0.382683
540	 462.808	 -0.92388	 0.382683
113.435	 450.152	 -0.382683	 -0.92388
113.201	 458.152	 -0.382683	 -0.92388
113.686	 467	 6.12303e-017	 1
141.536	 433.485	 -0.707107	 -0.707107
144.375	 440.948	 -1.83691e-016	 -1
142.411	 449	 -1.83691e-016	 -1
142.5	 457	 -1.83691e-016	 -1
143.175	 465	 -0.382683	 -0.92388
145.018	 472.993	 0.382683	 0.92388
147.55	 480.979	 0.382683	 0.92388
150.1	 489	 6.12303e-017	 1
151.938	 497.026	 0.382683	 0.92388
153.932	 505.028	 6.12303e-017	 1
154.25	 513	 6.12303e-017	 1
154	 521	 6.12303e-017	 1
155.214	 529	 0.382683	 0.92388
156.686	 536.923	 6.12303e-017	 1
158.063	 544.974	 6.12303e-017	 1
159	 553	 0.382683	 0.92388
160.127	 561	 6.12303e-017	 1
160.3	 569.083	 6.12303e-017	 1
161.192	 577.128	 0.382683	 0.92388
164	 585	 0.382683	 0.92388
166.571	 592.97	 6.12303e-017	 1
168.836	 601.068	 6.12303e-017	 1
170.73	 608.905	 0.382683	 0.92388
172.182	 617	 6.12303e-017	 1
173.125	 624.948	 6.12303e-017	 1
245.809	 482.526	 -0.382683	 0.92388
251.492	 476.481	 -0.92388	 0.382683
258.907	 473.907	 -0.92388	 0.382683
265.467	 468.921	 -0.92388	 0.382683
273.548	 465.117	 -0.92388	 0.382683
281	 460.691	 -0.92388	 0.382683
289	 460.6	 -1	 1.22461e-016
296.524	 461.442	 -0.92388	 -0.382683
304.429	 463.672	 -0.92388	 -0.382683
312	 465.643	 -0.92388	 -0.382683
319.636	 464.829	 0.92388	 -0.382683
326.475	 461.939	 0.92388	 -0.382683
333.461	 459.405	 0.92388	 -0.382683
339.82	 455.359	 0.707107	 -0.707107
54.4586	 477.1	 1	 0
46	 476.75	 -1	 1.22461e-016
38	 478	 -0.92388	 0.382683
339.518	 493.042	 -1	 1.22461e-016
347.91	 490.783	 0.92388	 -0.382683
356	 490.344	 0.92388	 0.382683
363	 493.545	 0.92388	 -0.382683
371.081	 492.195	 1	 0
379	 492.314	 1	 0
386.859	 494.841	 0.92388	 0.382683
394	 497.596	 0.92388	 0.382683
402	 498.407	 1	 0
410	 498.644	 1	 0
417.483	 500.541	 0.92388	 0.382683
424.973	 505.064	 0.92388	 0.382683
432	 507.113	 1	 0
440	 506.761	 1	 0
447.469	 508.576	 0.92388	 0.382683
453.934	 513.066	 0.707107	 0.707107
459.884	 516.73	 0.92388	 0.382683
468.006	 518.486	 0.92388	 0.382683
475.128	 521.19	 0.92388	 0.382683
483	 521.469	 1	 0
491	 520.531	 1	 0
498.696	 519.009	 1	 0
506.084	 515.704	 0.92388	 -0.382683
513.973	 513.435	 1	 0
521.948	 512.374	 0.92388	 -0.382683
529.081	 509.696	 0.92388	 -0.382683
536.476	 506.941	 0.92388	 -0.382683
544.664	 502.897	 0.92388	 -0.382683
551.993	 497.983	 0.707107	 -0.707107
554.372	 490.553	 -0.382683	 -0.92388
551.26	 482.892	 -0.382683	 -0.92388
555.417	 476.465	 0.382683	 -0.92388
1009.79	 612	 -1.83691e-016	 -1
1007.75	 619.75	 0.382683	 -0.92388
1000	 624.065	 0.92388	 -0.382683
992.113	 625.773	 0.92388	 -0.382683
984	 627.624	 1	 0
976	 627.859	 1	 0
968.046	 626.89	 1	 0
960	 625.058	 1	 0
951.5	 626	 1	 0
839	 461.563	 0.92388	 0.382683
832.333	 465	 0.382683	 -0.92388
832.036	 473	 -0.382683	 -0.92388
828.546	 479.519	 0.382683	 -0.92388
826.042	 488.31	 0.382683	 -0.92388
823.426	 496.469	 6.12303e-017	 1
820.469	 503.487	 -0.382683	 0.92388
816.446	 510.478	 -0.382683	 0.92388
814.705	 518	 0.382683	 0.92388
816.364	 525	 6.12303e-017	 1
815.679	 533	 -0.382683	 0.92388
811.945	 539.945	 -0.707107	 0.707107
942.839	 481	 0.382683	 -0.92388
945.714	 490	 0.382683	 -0.92388
945.227	 498	 6.12303e-017	 1
949.125	 505.875	 0.382683	 0.92388
950.071	 514	 6.12303e-017	 1
950.5	 522	 6.12303e-017	 1
950.413	 530	 6.12303e-017	 1
953.25	 537.896	 0.382683	 0.92388
955.403	 546.04	 0.382683	 0.92388
954.807	 553.807	 -0.382683	 0.92388
951.344	 561.435	 -0.382683	 0.92388
946.396	 567.421	 -0.707107	 0.707107
635.759	 517.676	 -0.382683	 0.92388
639.959	 510.983	 6.12303e-017	 1
755.595	 517	 -0.382683	 0.92388
756.269	 508.904	 6.12303e-017	 1
756.761	 501	 -1.83691e-016	 -1
758.825	 492.928	 -1.83691e-016	 -1
508.913	 584.789	 0.92388	 -0.382683
500.866	 588.177	 0.92388	 -0.382683
492.906	 591.273	 0.92388	 -0.382683
485.103	 594.748	 0.92388	 -0.382683
476.973	 598.935	 0.92388	 -0.382683
469.508	 603.02	 0.92388	 -0.382683
461.858	 607.157	 0.92388	 -0.382683
530.467	 544.486	 -0.382683	 0.92388
534.661	 538.36	 -0.382683	 0.92388
538.438	 531.474	 -0.382683	 0.92388
543.086	 524.086	 -0.707107	 0.707107
547.37	 519.37	 0.707107	 -0.707107
552.042	 515.042	 0.707107	 -0.707107
558.094	 510.227	 0.707107	 -0.707107
563.751	 504.57	 0.707107	 -0.707107
677	 514.987	 1	 0
668.5	 518.058	 -1	 1.22461e-016
661.518	 514.456	 -0.707107	 -0.707107
654.048	 511.339	 -0.92388	 -0.382683
171.025	 630.94	 0.92388	 0.382683
163.054	 628.869	 0.92388	 0.382683
154.956	 626.106	 0.92388	 0.382683
146.895	 623.752	 0.92388	 0.382683
81.5833	 588.465	 0.382683	 0.92388
79.3	 580.876	 0.382683	 0.92388
80	 573	 -0.382683	 0.92388
83.4018	 564.959	 -0.382683	 0.92388
87.5962	 558.596	 -0.382683	 0.92388
93.0276	 552.067	 -0.92388	 0.382683
100.071	 547.071	 -0.92388	 0.382683
104.814	 539.923	 -0.382683	 0.92388
106.063	 531.474	 -0.382683	 -0.92388
105.5	 523	 -1.83691e-016	 -1
105.083	 515	 -1.83691e-016	 -1
311	 547.253	 -0.92388	 -0.382683
319	 549.222	 -1	 1.22461e-016
327	 550.306	 -1	 1.22461e-016
334.679	 548.932	 -0.92388	 0.382683
341.909	 546.279	 -0.92388	 0.382683
349.425	 543.32	 -0.92388	 0.382683
357.432	 539.336	 -0.92388	 0.382683
364.409	 534.279	 -0.92388	 0.382683
371.497	 530.492	 0.92388	 -0.382683
379.618	 526.786	 0.92388	 -0.382683
387	 524.941	 1	 0
395	 523.938	 1	 0
403	 524.101	 1	 0
411	 524.673	 1	 0
419	 525.802	 1	 0
427	 526.578	 1	 0
435	 528.209	 1	 0
443	 528.324	 1	 0
451	 527.764	 1	 0
459.059	 529.857	 0.92388	 0.382683
466.145	 533.65	 0.92388	 0.382683
473.517	 536.458	 0.92388	 0.382683
481.485	 538.036	 1	 0
489.181	 539.566	 0.92388	 0.382683
558.683	 551.297	 -0.92388	 0.382683
561.76	 544.901	 -0.707107	 0.707107
562.776	 536.848	 -0.382683	 0.92388
564.523	 529	 -1.83691e-016	 -1
565.538	 521.016	 -1.83691e-016	 -1
568.848	 514.152	 0.382683	 -0.92388
584	 524.32	 -1	 1.22461e-016
592	 524.148	 -1	 1.22461e-016
599.514	 526.465	 -0.92388	 -0.382683
607.421	 530.69	 -0.92388	 -0.382683
615.401	 535.599	 0.92388	 0.382683
622.46	 539.096	 0.92388	 0.382683
630.552	 542.875	 0.92388	 0.382683
638.404	 546.233	 0.92388	 0.382683
645.125	 550.875	 0.707107	 0.707107
650.98	 556.02	 0.707107	 0.707107
490.481	 543.455	 0.92388	 -0.382683
483	 545.573	 1	 0
474.531	 545.926	 0.92388	 0.382683
466.524	 543.443	 0.92388	 0.382683
459	 539.889	 1	 0
451	 539.698	 1	 0
443.006	 540.015	 1	 0
435	 541.965	 -0.92388	 -0.382683
427	 542.561	 -0.92388	 0.382683
419	 543.341	 -1	 1.22461e-016
411	 543.955	 -1	 1.22461e-016
403.488	 542.53	 -0.707107	 -0.707107
942.553	 569.978	 0.382683	 0.92388
937.525	 563.99	 0.382683	 0.92388
933	 556	 0.382683	 0.92388
930.733	 548.11	 6.12303e-017	 1
926.411	 541.451	 -0.707107	 -0.707107
920.544	 537.456	 -0.707107	 -0.707107
913	 533.7	 -0.92388	 -0.382683
908.185	 527.202	 -0.382683	 -0.92388
904.986	 520.006	 -0.382683	 -0.92388
340.024	 608.058	 0.92388	 -0.382683
332.466	 611.417	 0.92388	 -0.382683
325	 614.053	 1	 0
317	 614.242	 1	 0
309.008	 614.519	 0.92388	 -0.382683
301.139	 613.861	 0.92388	 0.382683
296.065	 608.935	 0.382683	 0.92388
291.462	 602	 0.382683	 0.92388
290.451	 594	 6.12303e-017	 1
290.451	 586	 6.12303e-017	 1
289.803	 577.875	 0.382683	 0.92388
284	 572.064	 0.92388	 0.382683
275.611	 570.389	 0.92388	 0.382683
269.013	 565.987	 0.92388	 0.382683
263.384	 560.616	 0.382683	 0.92388
258.412	 554.588	 -0.92388	 -0.382683
250.432	 556.835	 -0.92388	 0.382683
242.429	 559.828	 -0.92388	 0.382683
175.697	 545.709	 -0.382683	 -0.92388
178.758	 553.1	 -0.382683	 -0.92388
182.702	 560.416	 -0.382683	 -0.92388
186.192	 567	 -0.382683	 -0.92388
184.821	 574.926	 -0.382683	 0.92388
187.923	 582.532	 0.382683	 0.92388
192.533	 589.486	 0.382683	 0.92388
194.615	 597	 0.382683	 0.92388
197.607	 604.456	 0.382683	 0.92388
200.6	 611.958	 0.382683	 0.92388
203.654	 619.436	 0.382683	 0.92388
206.702	 626.416	 0.382683	 0.92388
211.159	 632.934	 0.382683	 0.92388
214.193	 639.92	 0.382683	 0.92388
563.726	 545	 -1.83691e-016	 -1
564.75	 553	 -1.83691e-016	 -1
565.741	 560.9	 -1.83691e-016	 -1
566.469	 569	 6.12303e-017	 1
565.857	 577	 6.12303e-017	 1
564.566	 585.027	 6.12303e-017	 1
562.623	 592.844	 6.12303e-017	 1
561.029	 601.012	 6.12303e-017	 1
559.501	 609	 -0.382683	 0.92388
558.299	 617	 6.12303e-017	 1
557.338	 625	 6.12303e-017	 1
803.9	 548.959	 0.382683	 -0.92388
800.175	 556.365	 0.382683	 -0.92388
796.288	 564.412	 0.382683	 -0.92388
793.893	 572.163	 6.12303e-017	 1
792.358	 580	 -0.382683	 0.92388
789.898	 586.458	 -0.382683	 0.92388
824.34	 557	 -1.83691e-016	 -1
824.352	 565	 -1.83691e-016	 -1
823.4	 573	 6.12303e-017	 1
236.049	 648.049	 -0.92388	 0.382683
241.081	 642.081	 -0.707107	 0.707107
245.89	 636.89	 -0.707107	 0.707107
251.328	 629.929	 -0.382683	 0.92388
254.061	 622	 6.12303e-017	 1
255.395	 614	 6.12303e-017	 1
254.179	 605.926	 0.382683	 0.92388
251.932	 598.028	 0.382683	 0.92388
247.969	 592.031	 0.707107	 0.707107
241.136	 586.864	 0.707107	 0.707107
234.925	 582.68	 0.92388	 0.382683
227.986	 578.533	 -0.707107	 -0.707107
220.543	 575.897	 -1	 1.22461e-016
26.4061	 600.688	 -0.382683	 0.92388
33	 596.5	 -0.92388	 -0.382683
41	 596.2	 -1	 1.22461e-016
49	 595.952	 -1	 1.22461e-016
57	 594.847	 1	 0
121.167	 536.138	 -0.382683	 -0.92388
124.119	 543.951	 -1.83691e-016	 -1
126.3	 552	 -0.382683	 -0.92388
125.097	 560.04	 -1.83691e-016	 -1
121.942	 566.942	 0.707107	 -0.707107
117.403	 572.767	 0.92388	 -0.382683
110.818	 577.632	 0.382683	 -0.92388
108.679	 585	 -1.83691e-016	 -1
108.222	 593	 -1.83691e-016	 -1
108.036	 601	 6.12303e-017	 1
371.904	 607.04	 0.707107	 0.707107
371.482	 597.992	 -0.382683	 0.92388
373.952	 590.98	 -1.83691e-016	 -1
862.348	 634.265	 0.92388	 0.382683
861.815	 625.848	 0.382683	 0.92388
863.263	 618.109	 -0.382683	 0.92388
867.291	 610.291	 -0.707107	 0.707107
874.063	 606.526	 -0.707107	 0.707107
318.59	 727	 -1.83691e-016	 -1
314.901	 734.959	 0.382683	 -0.92388
311.276	 742.407	 0.382683	 -0.92388
308.022	 750.509	 0.382683	 -0.92388
304.508	 758.503	 0.382683	 -0.92388
103	 683.5	 6.12303e-017	 1
104.167	 675	 6.12303e-017	 1
105.74	 667.099	 -0.382683	 0.92388
109	 659	 -0.382683	 0.92388
110.659	 651	 6.12303e-017	 1
456.119	 613.119	 0.707107	 -0.707107
451.71	 620.71	 0.707107	 -0.707107
445.098	 625.098	 0.92388	 -0.382683
439.1	 630.1	 0.707107	 -0.707107
434.126	 636.739	 -0.382683	 0.92388
432.903	 645	 6.12303e-017	 1
428.46	 651.243	 -0.707107	 0.707107
854.397	 878.603	 0.92388	 0.382683
849.586	 871.965	 0.382683	 0.92388
134.145	 655.35	 -0.92388	 0.382683
142.035	 655.583	 -1	 1.22461e-016
149.675	 652.923	 -0.92388	 0.382683
157.438	 649.35	 -0.92388	 0.382683
165.092	 645.592	 0.92388	 -0.382683
171.027	 641.027	 0.707107	 -0.707107
944.083	 655	 6.12303e-017	 1
943	 647.5	 -0.382683	 0.92388
949.276	 641.276	 0.707107	 -0.707107
955.181	 635.666	 0.92388	 -0.382683
961.923	 635.185	 0.707107	 0.707107
969	 638.746	 1	 0
977.075	 642.819	 0.92388	 0.382683
985	 646	 0.92388	 0.382683
993	 649	 1	 0
358.978	 654.74	 0.382683	 -0.92388
356.16	 662.566	 -0.382683	 0.92388
359.317	 669.683	 0.92388	 0.382683
769	 716.38	 -1	 1.22461e-016
777	 713.875	 -0.92388	 0.382683
785.4	 716.259	 -1	 1.22461e-016
793.553	 714.127	 -0.92388	 0.382683
798.99	 708.496	 -0.382683	 0.92388
800.775	 701.114	 -0.382683	 0.92388
804.008	 693.503	 -0.382683	 0.92388
807.598	 686	 6.12303e-017	 1
809.242	 678	 -0.382683	 0.92388
979.841	 697.159	 6.12303e-017	 1
974.586	 691.793	 0.92388	 0.382683
966	 689.089	 1	 0
957.921	 687.69	 0.92388	 0.382683
950	 686.219	 1	 0
941.941	 684.643	 0.92388	 0.382683
933.96	 681.097	 0.92388	 0.382683
925.995	 677.511	 0.92388	 0.382683
918.016	 674.961	 0.92388	 0.382683
910.019	 672.955	 0.92388	 0.382683
902.116	 670.721	 0.92388	 0.382683
894.637	 667.668	 0.92388	 0.382683
886.655	 664.627	 0.92388	 0.382683
466.804	 664.919	 0.382683	 -0.92388
465.188	 672.578	 -0.382683	 0.92388
462.688	 680.422	 0.382683	 0.92388
807.688	 671.313	 0.707107	 0.707107
799.522	 666.946	 0.92388	 0.382683
792	 664.472	 1	 0
784	 664.384	 1	 0
776.45	 665.879	 0.92388	 -0.382683
769.782	 671.208	 -0.707107	 0.707107
763.093	 676.363	 -0.707107	 0.707107
757.98	 681.98	 -0.707107	 0.707107
753.842	 686.842	 -0.707107	 0.707107
749.073	 692.073	 -0.707107	 0.707107
743.399	 697.256	 -0.92388	 0.382683
736	 699.178	 -1	 1.22461e-016
727.847	 700.631	 -0.92388	 0.382683
214.259	 649.933	 -0.92388	 -0.382683
219.99	 655.01	 -0.382683	 -0.92388
225.8	 660.083	 -0.707107	 -0.707107
229.883	 667.048	 -0.382683	 -0.92388
233.722	 673.615	 -0.382683	 -0.92388
238.267	 680.389	 -0.382683	 -0.92388
241.21	 688	 0.382683	 0.92388
243.917	 695.535	 0.382683	 0.92388
246.525	 702.99	 0.382683	 0.92388
249.116	 710.452	 0.382683	 0.92388
616.71	 722.413	 0.382683	 0.92388
610.756	 716.244	 0.707107	 0.707107
604.847	 710.153	 0.707107	 0.707107
598.946	 704.63	 0.92388	 0.382683
591.553	 700.447	 0.92388	 0.382683
585.078	 695.312	 0.707107	 0.707107
578.313	 689.687	 0.707107	 0.707107
572.028	 684.432	 -0.92388	 -0.382683
565.35	 679.65	 -0.707107	 -0.707107
558.552	 674.448	 -0.707107	 -0.707107
876.358	 666.152	 -0.382683	 -0.92388
878.092	 673.962	 -0.382683	 -0.92388
881.956	 682	 -1.83691e-016	 -1
882.375	 690	 6.12303e-017	 1
883.344	 698	 6.12303e-017	 1
884.833	 706	 6.12303e-017	 1
881.933	 713.472	 -0.707107	 0.707107
879.263	 721	 6.12303e-017	 1
877.979	 729	 -0.382683	 0.92388
877.494	 737	 6.12303e-017	 1
874.821	 744.633	 -0.382683	 0.92388
871.236	 751.89	 -0.382683	 0.92388
867.753	 759.605	 -0.382683	 0.92388
575	 716	 -0.382683	 -0.92388
577.408	 724.538	 0.382683	 0.92388
578.234	 732	 6.12303e-017	 1
578.816	 740	 6.12303e-017	 1
579.69	 748	 0.382683	 0.92388
184.702	 698.761	 0.382683	 -0.92388
181.64	 706.152	 0.382683	 -0.92388
183.221	 714	 -1.83691e-016	 -1
184.479	 722	 -1.83691e-016	 -1
182.895	 730.152	 -1.83691e-016	 -1
184.426	 737.848	 0.382683	 0.92388
186.5	 746.5	 6.12303e-017	 1
187.474	 754.848	 0.382683	 0.92388
187.85	 764.062	 0.382683	 0.92388
190.625	 771.948	 0.382683	 0.92388
193.85	 780.062	 0.382683	 0.92388
349.467	 741.627	 -0.707107	 0.707107
356.222	 737.092	 -0.707107	 0.707107
361.478	 730.491	 0.707107	 -0.707107
363.987	 721.987	 0.382683	 -0.92388
365.31	 714	 -1.83691e-016	 -1
405.765	 773.348	 0.382683	 0.92388
402.707	 766.414	 6.12303e-017	 1
401.725	 758.593	 6.12303e-017	 1
402.565	 750.027	 6.12303e-017	 1
403.689	 742	 6.12303e-017	 1
403.44	 734	 -1.83691e-016	 -1
402.663	 726	 -1.83691e-016	 -1
404.444	 718.477	 -1.83691e-016	 -1
415.457	 754.911	 -0.92388	 -0.382683
423	 757.326	 -1	 1.22461e-016
430.041	 754.655	 -0.92388	 0.382683
435.029	 749.512	 0.382683	 -0.92388
439.273	 742.906	 -1.83691e-016	 -1
623.039	 727.905	 -1	 1.22461e-016
630.133	 732.945	 -0.382683	 -0.92388
634.021	 739.991	 -0.382683	 -0.92388
636.951	 747.502	 0.382683	 0.92388
639.788	 755.381	 0.382683	 0.92388
642.668	 763.43	 0.382683	 0.92388
645.164	 771.432	 0.382683	 0.92388
238	 766	 -0.707107	 0.707107
244.67	 762.309	 -0.92388	 0.382683
253	 760.419	 -0.92388	 0.382683
261	 760.369	 -1	 1.22461e-016
269	 761.375	 -1	 1.22461e-016
276.543	 759.079	 0.92388	 -0.382683
284.936	 756.846	 0.707107	 -0.707107
290	 751	 0.707107	 -0.707107
244.536	 766	 -1.83691e-016	 -1
245.25	 774	 -0.382683	 0.92388
240.857	 780.857	 -0.92388	 0.382683
233.538	 783.592	 -0.92388	 0.382683
424.696	 805.228	 0.92388	 -0.382683
416.472	 806.068	 0.92388	 0.382683
421.755	 769.142	 0.92388	 -0.382683
416.438	 773.438	 -0.707107	 0.707107
865.128	 842.63	 -0.382683	 0.92388
866.659	 834.934	 6.12303e-017	 1
862.436	 828.391	 0.382683	 0.92388
859.375	 821	 0.382683	 0.92388
860.917	 813.465	 -0.382683	 0.92388
864.05	 805.521	 -0.382683	 0.92388
865.662	 797.567	 -0.382683	 0.92388
867.262	 790	 6.12303e-017	 1
867.022	 782	 -0.382683	 0.92388
867.3	 773.521	 0.382683	 -0.92388
942.773	 785.95	 -0.382683	 0.92388
945.835	 778.559	 -0.382683	 0.92388
948.896	 771.168	 -0.707107	 0.707107
952.606	 764.21	 -0.382683	 0.92388
955.942	 756.683	 -0.382683	 0.92388
956.265	 749.348	 6.12303e-017	 1
951	 744.237	 0.92388	 0.382683
943	 745.362	 1	 0
934.9	 746.9	 0.92388	 -0.382683
927.972	 751.972	 0.707107	 -0.707107
923.688	 759.078	 -1.83691e-016	 -1
923.548	 767.141	 0.707107	 -0.707107
920	 774	 -0.382683	 0.92388
916.821	 781.426	 -0.382683	 0.92388
914.063	 789.026	 6.12303e-017	 1
912.917	 797	 -0.382683	 0.92388
907.853	 803.853	 -0.707107	 0.707107
902.342	 809.342	 -0.707107	 0.707107
896.75	 815.75	 -0.382683	 0.92388
891.481	 821.481	 -0.707107	 0.707107
887.681	 827.908	 -0.382683	 0.92388
882.021	 835.009	 -0.382683	 0.92388
878.75	 843	 -0.382683	 0.92388
876.614	 850	 6.12303e-017	 1
336.888	 803.363	 -0.92388	 0.382683
340.525	 797.01	 6.12303e-017	 1
341.23	 788.876	 0.382683	 -0.92388
346.317	 782.424	 0.382683	 -0.92388
133.475	 783.99	 0.382683	 -0.92388
132.25	 791.896	 -1.83691e-016	 -1
131.768	 800.456	 -0.382683	 0.92388
129.414	 807.673	 -0.382683	 0.92388
128.633	 816	 0.382683	 0.92388
133.037	 821.963	 0.707107	 0.707107
139.065	 826.935	 0.92388	 0.382683
453.774	 935.073	 -0.92388	 0.382683
459.222	 929.843	 -0.382683	 0.92388
460.242	 922	 6.12303e-017	 1
461.586	 914	 -0.382683	 0.92388
462.577	 906.532	 -0.382683	 0.92388
465.024	 899.01	 -0.382683	 0.92388
469.352	 892.439	 -0.382683	 0.92388
474.638	 885.693	 -0.707107	 0.707107
480.814	 879.814	 -0.382683	 0.92388
486.591	 874.538	 -0.707107	 0.707107
829.332	 784.07	 -0.382683	 -0.92388
829.982	 792.007	 -1.83691e-016	 -1
831.545	 799.899	 -0.382683	 0.92388
259	 820.188	 -0.92388	 0.382683
267	 824.083	 -0.92388	 0.382683
275	 824.317	 -1	 1.22461e-016
283	 826.02	 -1	 1.22461e-016
291	 826.599	 -1	 1.22461e-016
299	 827.011	 -1	 1.22461e-016
307.361	 826.165	 -1	 1.22461e-016
315.564	 824.155	 -0.92388	 0.382683
323.319	 822.062	 -0.92388	 0.382683
331.961	 819.907	 -0.92388	 0.382683
339.6	 818.742	 -1	 1.22461e-016
347.649	 816.859	 -0.92388	 0.382683
355.437	 814.347	 -0.92388	 0.382683
362.555	 811.632	 0.92388	 -0.382683
370.482	 808.458	 0.92388	 -0.382683
378.672	 805.915	 0.92388	 -0.382683
563.891	 933.662	 6.12303e-017	 1
566.036	 926	 -0.382683	 0.92388
566.771	 918	 6.12303e-017	 1
567.4	 910	 6.12303e-017	 1
567.811	 902	 6.12303e-017	 1
568.846	 894	 6.12303e-017	 1
569.89	 886	 6.12303e-017	 1
570.329	 878	 6.12303e-017	 1
569.482	 870	 6.12303e-017	 1
569.215	 862	 6.12303e-017	 1
569.635	 854	 6.12303e-017	 1
569.597	 846	 6.12303e-017	 1
569.636	 838	 6.12303e-017	 1
569.874	 830	 6.12303e-017	 1
570.111	 822	 6.12303e-017	 1
569.971	 814	 6.12303e-017	 1
571.696	 806.081	 0.382683	 -0.92388
575.306	 799.627	 0.382683	 -0.92388
141	 839	 -1	 1.22461e-016
148.583	 836.2	 -0.92388	 0.382683
157	 835.3	 -1	 1.22461e-016
166	 835.417	 -1	 1.22461e-016
456.466	 819	 -0.382683	 -0.92388
457.314	 827	 -0.382683	 0.92388
456.208	 834.586	 6.12303e-017	 1
452.411	 842.963	 6.12303e-017	 1
651.184	 805.869	 0.382683	 -0.92388
648.268	 813.404	 -1.83691e-016	 -1
644.339	 821.433	 0.382683	 -0.92388
639.928	 826.928	 -0.92388	 0.382683
632.348	 830.132	 -0.92388	 0.382683
625.424	 829.184	 -0.92388	 -0.382683
782.48	 788.952	 1	 0
775.473	 794.489	 0.707107	 -0.707107
772.324	 802	 0.382683	 -0.92388
771.434	 810	 -1.83691e-016	 -1
770.197	 817.874	 0.382683	 -0.92388
767.175	 825	 6.12303e-017	 1
764.046	 832.519	 -0.382683	 0.92388
759.048	 839.048	 -0.707107	 0.707107
754.023	 843.636	 -0.92388	 0.382683
749.662	 850.662	 -0.382683	 0.92388
747.366	 858.205	 6.12303e-017	 1
747.203	 865.848	 0.382683	 0.92388
186.015	 834.464	 -0.92388	 -0.382683
193	 837.723	 -0.92388	 0.382683
201	 838.4	 -1	 1.22461e-016
209	 837.84	 1	 0
217	 837.563	 1	 0
225	 837.483	 1	 0
233	 838.337	 1	 0
418.97	 826.023	 0.707107	 -0.707107
414.084	 832.084	 0.707107	 -0.707107
408.887	 839.953	 -0.382683	 0.92388
404.038	 847.038	 -0.707107	 0.707107
399.192	 852.192	 -0.707107	 0.707107
393.228	 858.228	 -0.707107	 0.707107
387.886	 863.886	 -0.707107	 0.707107
172.77	 865.888	 0.382683	 0.92388
171.9	 857.041	 6.12303e-017	 1
171.625	 849	 0.382683	 -0.92388
174	 841	 -1.83691e-016	 -1
238.054	 841.152	 0.382683	 -0.92388
237.5	 849	 -1.83691e-016	 -1
238.988	 857.005	 6.12303e-017	 1
241.035	 864.986	 6.12303e-017	 1
242.55	 872.686	 0.382683	 0.92388
244.738	 880.608	 6.12303e-017	 1
244.667	 889	 6.12303e-017	 1
243.298	 897	 -0.382683	 0.92388
240.342	 904.935	 -0.382683	 0.92388
236.512	 913.005	 -0.382683	 0.92388
234.579	 921.033	 6.12303e-017	 1
783.45	 826.55	 -0.92388	 -0.382683
788.612	 832	 -1.83691e-016	 -1
784.3	 838.624	 0.707107	 -0.707107
780.258	 845	 0.382683	 -0.92388
779.14	 853	 6.12303e-017	 1
782.955	 860.518	 0.707107	 0.707107
790	 863.688	 1	 0
257.125	 889	 -1.83691e-016	 -1
257.222	 897.408	 -0.382683	 -0.92388
260	 905.5	 -0.92388	 -0.382683
486	 869.642	 1	 0
478	 869.781	 1	 0
470	 869.182	 1	 0
462.436	 867.154	 0.92388	 0.382683
455	 864.117	 0.92388	 0.382683
447.437	 861.652	 -0.92388	 -0.382683
440.011	 858.473	 -0.92388	 -0.382683
433.243	 854.707	 -0.707107	 -0.707107
388.875	 868.552	 -1.83691e-016	 -1
392.736	 875.609	 -0.382683	 -0.92388
395.542	 883	 -0.382683	 -0.92388
397.791	 891	 0.382683	 0.92388
400.167	 898.431	 0.382683	 0.92388
401.883	 906	 6.12303e-017	 1
402.87	 914	 0.382683	 0.92388
403.792	 922	 6.12303e-017	 1
402.2	 930.083	 -0.382683	 0.92388
397.141	 936.261	 -0.92388	 0.382683
390	 939.016	 -1	 1.22461e-016
382	 939.009	 -1	 1.22461e-016
374	 939.004	 -1	 1.22461e-016
366	 939.005	 -1	 1.22461e-016
496.159	 897.795	 -0.382683	 -0.92388
497.212	 906	 6.12303e-017	 1
496.25	 914	 0.382683	 0.92388
495.75	 922	 -0.382683	 0.92388
494.667	 930	 0.382683	 0.92388
710.473	 894.645	 0.707107	 -0.707107
705.418	 900.466	 0.382683	 -0.92388
701.933	 907.933	 0.382683	 -0.92388
698.619	 914.549	 -0.382683	 0.92388
693.972	 921.972	 -0.382683	 0.92388
688.049	 925.485	 -0.92388	 -0.382683
680	 926.522	 -0.92388	 0.382683
671	 927.017	 -0.92388	 0.382683
265.125	 911.155	 -0.382683	 -0.92388
268.682	 918.632	 -0.382683	 -0.92388
272.278	 926	 -1.83691e-016	 -1
276.016	 932.828	 0.707107	 0.707107
282.396	 937.75	 1	 0
290	 939	 1	 0
298	 939.005	 1	 0
306	 939.004	 1	 0
314	 938.996	 1	 0
322	 939.004	 1	 0
330	 939.013	 1	 0
338	 939.004	 1	 0
346	 938.991	 1	 0
29.25	 554.896	 0.382683	 0.92388
27.4667	 547.486	 6.12303e-017	 1
29.175	 539.521	 0.382683	 -0.92388
28.55	 530.521	 0.382683	 -0.92388
26.2474	 521.898	 -1.83691e-016	 -1
49.8478	 420.782	 0.92388	 -0.382683
40.9793	 422.05	 -0.92388	 -0.382683
34.1868	 424.849	 -0.92388	 0.382683
27.5858	 427.414	 -0.707107	 0.707107
55.8757	 455.2	 -1	 1.22461e-016
64.3274	 453.583	 -0.92388	 0.382683
72	 448.95	 0.92388	 -0.382683
80.2154	 446.915	 1	 0
89.0094	 446.023	 1	 0
96.9241	 442.817	 0.92388	 -0.382683
104.457	 437.896	 0.92388	 -0.382683
89	 763.083	 -1	 1.22461e-016
96.6036	 764	 0.92388	 0.382683
105	 764.881	 1	 0
112.614	 766.725	 1	 0
110	 494.417	 0.92388	 -0.382683
102.152	 493.86	 -1	 1.22461e-016
95.4813	 490.519	 -0.92388	 -0.382683
89.5858	 484.586	 -0.707107	 -0.707107
142.375	 625.948	 -1.83691e-016	 -1
139.009	 632.523	 0.707107	 -0.707107
132.569	 637.667	 0.92388	 -0.382683
124.619	 640.788	 0.92388	 -0.382683
117.152	 643.48	 -0.92388	 0.382683
149.965	 364.083	 1	 0
142.035	 362.417	 1	 0
134	 361.708	 -1	 1.22461e-016
126.152	 361.89	 -0.92388	 0.382683
153.956	 709.186	 0.707107	 -0.707107
147	 712.821	 -1	 1.22461e-016
195	 383.479	 -1	 1.22461e-016
203	 383.465	 -0.92388	 0.382683
211	 382.444	 1	 0
219	 381.674	 1	 0
227.048	 381.115	 1	 0
227	 777.31	 0.92388	 -0.382683
219.127	 779.808	 0.92388	 -0.382683
211.363	 782.275	 -0.92388	 0.382683
205.465	 785.417	 -0.92388	 0.382683
220.304	 749.114	 -0.92388	 0.382683
227.984	 746.96	 0.92388	 -0.382683
234.848	 745.089	 0.92388	 -0.382683
241.705	 741.705	 0.707107	 -0.707107
247	 713.768	 1	 0
239	 715.875	 1	 0
268.477	 175.009	 6.12303e-017	 1
267.879	 166.509	 0.382683	 0.92388
264.38	 159.8	 0.382683	 0.92388
260.417	 152	 -0.382683	 -0.92388
257.679	 143.321	 -0.92388	 -0.382683
250	 144.975	 -1	 1.22461e-016
242.152	 145.318	 -0.92388	 -0.382683
287.561	 301.975	 6.12303e-017	 1
283.556	 294.977	 0.382683	 0.92388
277.66	 289.34	 0.707107	 0.707107
272.052	 284.875	 0.707107	 0.707107
264	 282.6	 0.92388	 0.382683
256.083	 280.3	 -1	 1.22461e-016
248.457	 276.871	 -0.92388	 -0.382683
241.563	 273.348	 -0.92388	 -0.382683
235.352	 268.82	 -0.707107	 -0.707107
270.375	 429.448	 -0.382683	 0.92388
274.146	 421.353	 -0.382683	 0.92388
276.968	 413.487	 0.382683	 -0.92388
330.848	 146.515	 0.92388	 0.382683
322.906	 143.727	 -1	 1.22461e-016
315.062	 140.85	 -0.92388	 -0.382683
307.541	 137.4	 -0.92388	 -0.382683
299.673	 135.685	 -0.92388	 -0.382683
417.993	 388.983	 1	 0
410	 389.631	 1	 0
400.868	 388.818	 0.92388	 0.382683
393	 387.626	 1	 0
385	 387.751	 1	 0
377	 387.975	 1	 0
369	 388.25	 1	 0
360.83	 386.192	 0.92388	 -0.382683
353	 390.083	 0.92388	 -0.382683
344.873	 390.307	 0.92388	 0.382683
337	 390.41	 -1	 1.22461e-016
401.903	 239	 -1.83691e-016	 -1
401.554	 247.022	 -1.83691e-016	 -1
398.143	 255.143	 0.382683	 -0.92388
391.957	 259.895	 0.92388	 -0.382683
384.009	 259.978	 0.92388	 0.382683
376.616	 255.219	 -0.92388	 -0.382683
369	 252.849	 -1	 1.22461e-016
361	 254.7	 -0.92388	 0.382683
353	 256.625	 -1	 1.22461e-016
345.957	 262.396	 -0.707107	 0.707107
341.071	 269.322	 -0.382683	 0.92388
336.993	 276.462	 -0.707107	 0.707107
335.333	 284.931	 6.12303e-017	 1
468	 578.562	 1	 0
460	 579.701	 0.92388	 -0.382683
452.013	 579.47	 1	 0
444.097	 576.766	 0.92388	 0.382683
435.848	 575.198	 0.92388	 0.382683
428	 574.69	 1	 0
419.904	 574.767	 1	 0
412	 574.661	 -1	 1.22461e-016
404	 574.335	 -1	 1.22461e-016
396.478	 575.446	 -0.92388	 0.382683
389.545	 580.608	 -0.92388	 0.382683
382	 581.555	 -1	 1.22461e-016
375	 585.972	 -0.92388	 0.382683
415.855	 698.855	 -0.707107	 0.707107
421.067	 694.067	 -0.707107	 0.707107
427.755	 689.109	 0.707107	 -0.707107
433.034	 684.034	 0.707107	 -0.707107
439.121	 679.121	 0.707107	 -0.707107
443.719	 671.591	 0.382683	 -0.92388
461.553	 756.06	 0.382683	 0.92388
457.382	 750.049	 0.707107	 0.707107
452.064	 743.936	 -0.707107	 -0.707107
446.908	 739.092	 -0.707107	 -0.707107
468.005	 575.002	 -0.707107	 0.707107
472.152	 567.934	 -0.92388	 0.382683
479.573	 567.702	 1	 0
488.021	 569.949	 1	 0
496	 570.864	 0.92388	 0.382683
500.445	 576.555	 1	 0
501	 709	 0.92388	 0.382683
494.635	 703.365	 0.707107	 0.707107
486.596	 699.269	 0.92388	 0.382683
480.373	 693.806	 -0.92388	 -0.382683
473	 691.833	 -1	 1.22461e-016
520.421	 456.421	 0.382683	 -0.92388
514	 460.3	 1	 0
506	 460.442	 1	 0
498	 460.151	 1	 0
490	 458.654	 -0.92388	 -0.382683
481.86	 454.838	 -0.92388	 -0.382683
493	 868.386	 -0.92388	 0.382683
501.082	 867.698	 -1	 1.22461e-016
508.482	 864.957	 0.92388	 -0.382683
515.956	 862.393	 0.92388	 -0.382683
523.546	 859.111	 0.707107	 -0.707107
527.493	 851.997	 0.382683	 -0.92388
528.222	 844.647	 -0.382683	 -0.92388
526.432	 836.028	 -1.83691e-016	 -1
528.138	 828.849	 0.382683	 -0.92388
527.496	 308.504	 0.382683	 0.92388
520.669	 303.092	 0.92388	 0.382683
512.378	 299.795	 -0.92388	 -0.382683
567.19	 200.533	 0.707107	 -0.707107
561.53	 206.071	 0.92388	 -0.382683
553	 206.156	 1	 0
544.604	 205.833	 -1	 1.22461e-016
536.997	 203.507	 -0.92388	 -0.382683
550.333	 229.931	 -1.83691e-016	 -1
545.364	 237.151	 0.707107	 -0.707107
539.9	 244.459	 -0.707107	 0.707107
532.441	 249.357	 -0.92388	 0.382683
527.364	 255.444	 -0.382683	 0.92388
521.327	 261.083	 -0.92388	 0.382683
514.112	 265.771	 -0.92388	 0.382683
506	 268.875	 -0.92388	 -0.382683
540.284	 343.09	 -0.382683	 -0.92388
541.977	 351	 -1.83691e-016	 -1
542.687	 359	 6.12303e-017	 1
541.655	 555.655	 -0.707107	 0.707107
548.019	 550.045	 0.92388	 -0.382683
554.507	 545.507	 0.707107	 -0.707107
602.234	 647.993	 0.382683	 0.92388
597.368	 641.818	 0.707107	 0.707107
590	 638.586	 0.92388	 0.382683
582	 638.069	 -1	 1.22461e-016
574	 637.318	 -0.92388	 -0.382683
566	 636.35	 -0.92388	 -0.382683
602.232	 759.015	 0.92388	 -0.382683
594.435	 758.656	 -0.92388	 -0.382683
586.534	 755.419	 -0.92388	 -0.382683
647.417	 134.7	 1	 0
638.046	 135.111	 0.92388	 -0.382683
629.944	 136.364	 0.92388	 -0.382683
622.129	 140.813	 0.92388	 -0.382683
615	 143.375	 0.92388	 -0.382683
607	 145.667	 -1	 1.22461e-016
598.914	 145.708	 -0.707107	 -0.707107
621.444	 212	 6.12303e-017	 1
619.821	 204	 -0.382683	 0.92388
622	 194.604	 -1.83691e-016	 -1
623.897	 186.458	 0.382683	 -0.92388
625.1	 178	 0.382683	 -0.92388
637.336	 445.982	 -0.707107	 -0.707107
639.917	 452.827	 -1.83691e-016	 -1
641.984	 460.016	 -0.382683	 -0.92388
647.464	 465.587	 0.92388	 0.382683
655	 467.603	 0.92388	 0.382683
663	 468.734	 1	 0
670.421	 471.192	 0.92388	 0.382683
678	 471.742	 1	 0
686	 471.485	 1	 0
694.5	 471	 1	 0
702	 472.314	 1	 0
709.509	 475.977	 0.707107	 0.707107
713.929	 480.071	 0.707107	 0.707107
719.243	 485.585	 0.707107	 0.707107
648.793	 663.706	 0.707107	 0.707107
641	 661.656	 -1	 1.22461e-016
633	 660.35	 -0.92388	 -0.382683
625.682	 657.061	 -0.92388	 -0.382683
618.744	 654.012	 -0.92388	 -0.382683
635.549	 689.515	 -0.92388	 0.382683
642.875	 689.552	 -0.382683	 -0.92388
646.728	 696.406	 0.382683	 0.92388
650.16	 703.641	 0.382683	 0.92388
652.737	 712	 6.12303e-017	 1
654.721	 719.409	 6.12303e-017	 1
656.876	 726.551	 0.382683	 0.92388
659.687	 734.422	 0.382683	 0.92388
663.279	 742.591	 0.382683	 0.92388
668.353	 749.561	 0.707107	 0.707107
673.036	 754.964	 0.707107	 0.707107
672.906	 762.273	 0.92388	 -0.382683
666.347	 767.13	 0.92388	 -0.382683
659.431	 771.333	 -0.92388	 0.382683
651.529	 774.571	 -1	 1.22461e-016
668.087	 150.756	 -0.382683	 -0.92388
671.125	 158.948	 -0.382683	 -0.92388
673.84	 167	 6.12303e-017	 1
676.1	 174.959	 0.382683	 0.92388
681.2	 181.417	 0.382683	 0.92388
706.875	 529.875	 0.707107	 -0.707107
700.384	 534.22	 0.92388	 -0.382683
692.926	 536.321	 0.92388	 -0.382683
684.604	 538.271	 -1	 1.22461e-016
677.472	 542.432	 -0.92388	 0.382683
670.502	 547.004	 -0.92388	 0.382683
663.043	 551.208	 -0.707107	 0.707107
678.112	 757.297	 -0.382683	 0.92388
681.77	 749.405	 -0.382683	 0.92388
683.594	 742	 6.12303e-017	 1
684.659	 734.066	 6.12303e-017	 1
685.457	 726.018	 6.12303e-017	 1
684.88	 718	 6.12303e-017	 1
685.91	 710.463	 0.382683	 -0.92388
690.057	 704.057	 0.707107	 -0.707107
693.942	 698.942	 0.382683	 -0.92388
698.533	 799.081	 0.92388	 -0.382683
691.356	 802.151	 0.92388	 -0.382683
684	 805.077	 -1	 1.22461e-016
676	 806.405	 -0.92388	 0.382683
668.632	 808.819	 -0.92388	 0.382683
711.943	 371.155	 0.707107	 -0.707107
705	 375.208	 -0.92388	 0.382683
697	 373.646	 -1	 1.22461e-016
690.177	 376.634	 -0.707107	 0.707107
703.436	 797.844	 -0.92388	 0.382683
710.528	 795.568	 -0.92388	 0.382683
719	 794.333	 -0.92388	 0.382683
726.477	 790.943	 0.707107	 -0.707107
731.91	 784.91	 0.707107	 -0.707107
737.734	 778.905	 0.707107	 -0.707107
743.991	 773.991	 0.707107	 -0.707107
746.861	 768	 -0.382683	 -0.92388
742.806	 760.581	 -1.83691e-016	 -1
739.237	 754.023	 -0.707107	 -0.707107
737.057	 746.761	 -1.83691e-016	 -1
733.52	 739.48	 -0.707107	 -0.707107
729.758	 732.642	 -0.382683	 -0.92388
723	 729.06	 -0.92388	 -0.382683
717.867	 722.555	 -0.382683	 -0.92388
715.336	 715.189	 -0.707107	 -0.707107
712.069	 883.667	 -1	 1.22461e-016
719	 880.714	 -0.92388	 0.382683
726.845	 880.874	 0.92388	 0.382683
734.366	 882.823	 1	 0
741.933	 883.338	 1	 0
749.5	 880.5	 0.92388	 -0.382683
764.5	 290	 6.12303e-017	 1
771	 285	 -0.92388	 0.382683
777.958	 280.958	 0.382683	 -0.92388
781.033	 274.033	 0.707107	 -0.707107
788	 271.021	 0.92388	 -0.382683
821.166	 439.553	 0.92388	 -0.382683
814.882	 444.882	 0.707107	 -0.707107
808	 450.167	 0.92388	 -0.382683
800	 450.438	 0.92388	 0.382683
792	 448.956	 0.92388	 -0.382683
784.044	 448.106	 0.92388	 -0.382683
776.415	 451.795	 0.92388	 -0.382683
770.482	 456.482	 -0.382683	 0.92388
768.214	 464	 6.12303e-017	 1
775.138	 874.833	 -1	 1.22461e-016
783	 873.462	 -1	 1.22461e-016
790.848	 872.943	 0.92388	 -0.382683
799	 872.875	 1	 0
807	 872.333	 1	 0
814.848	 873.471	 0.92388	 0.382683
823	 874	 1	 0
831	 873.3	 1	 0
839.046	 873.611	 0.92388	 -0.382683
865	 736.083	 1	 0
857.529	 738.529	 0.92388	 -0.382683
850.817	 744.817	 0.707107	 -0.707107
844.581	 750.695	 0.707107	 -0.707107
836.39	 754.735	 0.92388	 -0.382683
829	 757.472	 1	 0
821	 757.738	 1	 0
813.431	 756.666	 0.92388	 0.382683
806	 754.37	 1	 0
798	 753.551	 -1	 1.22461e-016
790.556	 751.366	 -0.92388	 -0.382683
783	 749.264	 -1	 1.22461e-016
776.09	 751.925	 -0.707107	 0.707107
772.711	 757.088	 6.12303e-017	 1
851.463	 580.411	 0.707107	 -0.707107
844.012	 582.028	 1	 0
836	 580.511	 -1	 1.22461e-016
828.648	 577.143	 -1	 1.22461e-016
843.983	 672.052	 1	 0
836	 671.917	 -1	 1.22461e-016
827.907	 673.276	 -1	 1.22461e-016
820	 672.86	 -1	 1.22461e-016
812	 673.449	 -0.92388	 0.382683
871.818	 598.694	 0.92388	 0.382683
863.965	 600.867	 -1	 1.22461e-016
856.5	 604.5	 -0.707107	 0.707107
851.6	 611	 6.12303e-017	 1
850.321	 618.426	 6.12303e-017	 1
848.113	 625.34	 -0.382683	 0.92388
844.286	 633.411	 -0.382683	 0.92388
969.5	 466.75	 1	 0
961.523	 468.555	 -0.92388	 0.382683
524	 82.9925	 1	 0
532	 82.0644	 1	 0
540	 82	 1	 0
548	 81.9964	 1	 0
556	 81.9861	 1	 0
564	 81.9859	 1	 0
572	 81.0851	 1	 0
580	 81.0142	 1	 0
588	 81.0198	 1	 0
590	 81.0198	 1	 0
598	 81.0246	 1	 0
606	 81.0282	 1	 0
614	 81.0174	 1	 0
622	 81.0143	 1	 0
630	 81.0276	 1	 0
638	 81.0135	 1	 0
646	 81.0245	 1	 0
648	 81.0211	 1	 0
656	 81.0166	 1	 0
664	 81.0129	 1	 0
672	 81.3642	 1	 0
680	 81.3642	 1	 0
682	 81.3642	 1	 0
690	 81.3642	 1	 0
698	 81.3642	 1	 0
706	 81.3642	 1	 0
714	 81.3642	 1	 0
722	 81.3642	 1	 0
730	 81.3642	 1	 0
738	 81.3642	 1	 0
746	 81.3642	 1	 0
754	 81.3642	 1	 0
761.848	 82.1296	 1	 0
769.848	 82.1296	 1	 0
777.848	 82.1296	 1	 0
785.696	 82.8949	 1	 0
793.848	 83.4846	 0.92388	 -0.382683
593.361	 234	 6.12303e-017	 1
591.164	 242.068	 -0.382683	 0.92388
588.272	 249.613	 -0.382683	 0.92388
585.463	 256.485	 -0.382683	 0.92388
582.089	 264.537	 -0.382683	 0.92388
578.121	 272.55	 -0.382683	 0.92388
573.422	 280.468	 -0.707107	 0.707107
569.011	 287.237	 -0.382683	 0.92388
200.33	 122.159	 -0.707107	 0.707107
194.292	 128.12	 -0.707107	 0.707107
188.288	 134.117	 -0.707107	 0.707107
182.286	 140.114	 -0.707107	 0.707107
175.731	 145.731	 -0.707107	 0.707107
169.701	 151.701	 -0.707107	 0.707107
163.7	 157.7	 -0.707107	 0.707107
157.7	 163.7	 -0.707107	 0.707107
151.546	 169.546	 -0.707107	 0.707107
493.493	 290.503	 0.382683	 0.92388
491.229	 282.905	 0.382683	 0.92388
485.853	 276.561	 0.382683	 0.92388
480.336	 270.068	 0.382683	 0.92388
475.428	 264.53	 0.707107	 0.707107
470.464	 258.015	 0.382683	 0.92388
465.989	 251.011	 0.707107	 0.707107
460.865	 245.056	 0.707107	 0.707107
455.474	 239.526	 0.707107	 0.707107
450.2	 233.8	 0.707107	 0.707107
444.922	 228.078	 0.707107	 0.707107
439.832	 223.168	 0.707107	 0.707107
434.076	 217.924	 0.707107	 0.707107
428.779	 213.221	 0.707107	 0.707107
423.25	 208.75	 0.707107	 0.707107
417.068	 203.932	 0.707107	 0.707107
410.271	 199.729	 0.92388	 0.382683
403.197	 194.524	 0.707107	 0.707107
397.228	 189.772	 0.707107	 0.707107
390.186	 184.55	 0.92388	 0.382683
383.03	 179.427	 0.92388	 0.382683
376.188	 174.813	 0.92388	 0.382683
368.986	 170.533	 0.92388	 0.382683
362.821	 165.933	 0.92388	 0.382683
356.503	 160.993	 0.707107	 0.707107
349.472	 157.069	 0.707107	 0.707107
343.253	 151.747	 0.92388	 0.382683
336.583	 147.965	 0.707107	 0.707107
456.876	 171.7	 -0.92388	 0.382683
465.054	 169.631	 -0.92388	 0.382683
472.569	 167.667	 -0.92388	 0.382683
480.589	 162.214	 -0.707107	 0.707107
485.624	 155.624	 -0.707107	 0.707107
489.421	 148.967	 -0.382683	 0.92388
490.881	 141	 6.12303e-017	 1
492.667	 133.396	 0.382683	 -0.92388
494.722	 125.592	 -1.83691e-016	 -1
499.167	 120.604	 -1.83691e-016	 -1
153.673	 230.417	 -0.92388	 0.382683
162	 230.688	 -1	 1.22461e-016
170	 232	 -1	 1.22461e-016
178.991	 231.979	 -1	 1.22461e-016
145.7	 174.7	 -0.707107	 0.707107
139.704	 180.704	 -0.707107	 0.707107
133.706	 186.706	 -0.707107	 0.707107
127.709	 192.709	 -0.707107	 0.707107
121.34	 198.168	 -0.707107	 0.707107
115.33	 204.158	 -0.707107	 0.707107
111.282	 211.16	 -0.382683	 0.92388
106.723	 217.764	 -0.707107	 0.707107
103.335	 225.182	 -0.382683	 0.92388
42.9095	 344.963	 -0.382683	 0.92388
40.2564	 352.15	 -0.382683	 0.92388
37.1949	 359.541	 -0.382683	 0.92388
34.1334	 366.932	 -0.382683	 0.92388
242.4	 224.293	 6.12303e-017	 1
240.104	 216.75	 0.707107	 0.707107
342.964	 192.036	 0.382683	 0.92388
349.176	 197.824	 0.382683	 0.92388
354.933	 204.028	 0.707107	 0.707107
360.171	 209.829	 0.707107	 0.707107
365.896	 215.104	 0.707107	 0.707107
372.374	 219.805	 0.92388	 0.382683
379.902	 223.738	 0.92388	 0.382683
387.601	 227.255	 0.92388	 0.382683
395.372	 230.81	 0.92388	 0.382683
101.039	 230.725	 -0.382683	 0.92388
95.9064	 238.461	 -0.382683	 0.92388
91.9127	 245.464	 -0.382683	 0.92388
87.75	 252.396	 -0.382683	 0.92388
83.9032	 260.46	 -0.382683	 0.92388
79.9022	 268.459	 -0.382683	 0.92388
75.9011	 276.459	 -0.382683	 0.92388
71.9011	 284.459	 -0.382683	 0.92388
67.9006	 292.459	 -0.382683	 0.92388
63.8994	 300.458	 -0.382683	 0.92388
60	 308.5	 -0.382683	 0.92388
56.7514	 315.397	 -0.382683	 0.92388
609.216	 356.59	 -0.382683	 0.92388
612.173	 348.572	 -0.382683	 0.92388
614.933	 340.472	 -0.382683	 0.92388
617.541	 332.517	 -0.382683	 0.92388
620.174	 324	 -0.382683	 0.92388
622.757	 316.607	 -0.382683	 0.92388
625.452	 308.48	 -0.382683	 0.92388
628	 300.5	 -0.382683	 0.92388
630.754	 292.605	 -0.382683	 0.92388
633.838	 284.64	 -0.382683	 0.92388
637.153	 276.356	 -0.382683	 0.92388
640.859	 268.649	 -0.382683	 0.92388
644.079	 260.533	 -0.382683	 0.92388
647.241	 252.6	 -0.382683	 0.92388
650.656	 244.565	 -0.382683	 0.92388
654.174	 236.365	 -0.382683	 0.92388
658.171	 228.071	 -0.382683	 0.92388
662.701	 220.583	 -0.382683	 0.92388
667.02	 213.02	 -0.382683	 0.92388
671.463	 206.463	 -0.707107	 0.707107
676.026	 201.026	 -0.707107	 0.707107
679.917	 196.917	 -0.707107	 0.707107
684.371	 192.688	 -0.92388	 0.382683
586.378	 465	 6.12303e-017	 1
582.879	 457.3	 0.382683	 0.92388
577.677	 451.092	 0.382683	 0.92388
574.222	 443.615	 0.382683	 0.92388
568.892	 437.267	 0.707107	 0.707107
180.991	 231.979	 -0.92388	 0.382683
188.021	 227.55	 -0.92388	 0.382683
194.53	 223.071	 -0.92388	 0.382683
203.089	 220.214	 0.92388	 -0.382683
211	 218.364	 1	 0
219	 216.625	 0.92388	 -0.382683
226.921	 213.81	 0.92388	 -0.382683
235	 213.09	 1	 0
498.685	 321.423	 0.707107	 0.707107
498.985	 313	 6.12303e-017	 1
498.329	 305	 6.12303e-017	 1
497.297	 296.584	 6.12303e-017	 1
326.25	 293.75	 0.92388	 0.382683
334	 295.496	 0.92388	 0.382683
695.523	 306	 -0.382683	 0.92388
692.743	 298	 0.382683	 0.92388
691.942	 290	 6.12303e-017	 1
691.693	 282	 6.12303e-017	 1
691.56	 274	 6.12303e-017	 1
691.448	 266	 6.12303e-017	 1
691.833	 258.431	 6.12303e-017	 1
696.844	 251.844	 -0.707107	 0.707107
703.867	 246	 -0.382683	 0.92388
707.538	 238.537	 -0.707107	 0.707107
711.411	 230.463	 0.382683	 -0.92388
723.402	 292.459	 -0.707107	 0.707107
717.963	 298.963	 -0.707107	 0.707107
713.929	 303.929	 -0.707107	 0.707107
708.857	 308.857	 -0.707107	 0.707107
702.057	 314.137	 -0.707107	 0.707107
697.722	 320.592	 -0.382683	 0.92388
694.442	 328.476	 -0.382683	 0.92388
691.128	 335.553	 -0.382683	 0.92388
687.637	 342.557	 -0.382683	 0.92388
683.346	 349.436	 -0.382683	 0.92388
679.632	 356.555	 -0.382683	 0.92388
675.535	 363.014	 -0.382683	 0.92388
672.455	 370.481	 -0.382683	 0.92388
668.918	 378.673	 -0.382683	 0.92388
664.274	 384.906	 -0.382683	 0.92388
658.962	 391.962	 -0.707107	 0.707107
655.15	 397.15	 -0.382683	 0.92388
648.529	 401.571	 -0.92388	 0.382683
641.504	 405.009	 -0.707107	 0.707107
637.078	 410.078	 -0.707107	 0.707107
632.497	 414.493	 -0.92388	 0.382683
625.903	 419.903	 -0.707107	 0.707107
619.533	 425.079	 -0.92388	 0.382683
612.417	 427.299	 -0.92388	 0.382683
605.162	 429.758	 -0.92388	 -0.382683
816.299	 302.299	 -0.707107	 0.707107
809.521	 308.521	 -0.707107	 0.707107
805.029	 313.029	 -0.707107	 0.707107
800.242	 319.242	 -0.707107	 0.707107
796.336	 326.932	 -0.382683	 0.92388
792.833	 335.138	 -0.382683	 0.92388
790.12	 343.05	 -0.382683	 0.92388
787.221	 351.592	 -0.382683	 0.92388
784.684	 360.369	 -0.382683	 0.92388
782.724	 368.593	 -0.382683	 0.92388
779.996	 375.998	 6.12303e-017	 1
336.005	 295.988	 1	 0
344.445	 297.134	 1	 0
352	 298.054	 0.92388	 0.382683
360.076	 299.817	 0.92388	 0.382683
368	 301.264	 1	 0
376	 302.566	 1	 0
384	 302.905	 1	 0
392	 302.939	 1	 0
400	 302.189	 1	 0
408	 300.919	 1	 0
416.087	 299.211	 1	 0
424	 298.63	 1	 0
432	 299.022	 1	 0
440.569	 300.334	 0.92388	 0.382683
449	 302.522	 0.92388	 0.382683
456.467	 306.081	 0.92388	 0.382683
463.856	 308.849	 0.92388	 0.382683
472.098	 312.263	 0.92388	 0.382683
480.401	 315.24	 0.92388	 0.382683
487.952	 318.116	 0.92388	 0.382683
733	 299.009	 -0.92388	 -0.382683
740.542	 301.399	 0.92388	 0.382683
748.903	 304.733	 0.92388	 0.382683
755.571	 309.429	 0.92388	 0.382683
763.049	 312.881	 0.92388	 0.382683
771	 314.735	 1	 0
778.889	 313.232	 0.92388	 -0.382683
786.562	 310.15	 0.92388	 -0.382683
794.062	 307.65	 0.92388	 -0.382683
801.602	 304.747	 0.92388	 -0.382683
808.337	 300.106	 0.92388	 -0.382683
81	 338.25	 -0.92388	 0.382683
89	 338.958	 -1	 1.22461e-016
97.426	 337.679	 -1	 1.22461e-016
106.355	 337.65	 -1	 1.22461e-016
114.592	 336.222	 -1	 1.22461e-016
55.9035	 317.46	 -0.382683	 0.92388
51.9096	 325.463	 -0.382683	 0.92388
47.9216	 333.468	 -0.382683	 0.92388
44.0952	 341.332	 -0.382683	 0.92388
282.062	 308.65	 -0.92388	 0.382683
289.929	 305.327	 -0.92388	 0.382683
297.82	 302.065	 -0.92388	 0.382683
306.013	 299.032	 0.92388	 -0.382683
313.867	 296.179	 0.92388	 -0.382683
322	 294.441	 1	 0
123.041	 335.598	 -1	 1.22461e-016
131	 334.212	 -1	 1.22461e-016
139.517	 332.042	 -0.92388	 0.382683
147.883	 330.217	 -0.92388	 0.382683
156.032	 327.077	 -0.92388	 0.382683
163.983	 323.458	 -0.92388	 0.382683
171.922	 319.313	 -0.92388	 0.382683
178.845	 314.625	 -0.92388	 0.382683
185.75	 308.75	 -0.92388	 0.382683
190.563	 302.819	 -0.382683	 0.92388
194.649	 295.649	 -0.707107	 0.707107
199.778	 289	 -0.382683	 0.92388
204.909	 281.169	 -0.382683	 0.92388
209.56	 274.56	 -0.382683	 0.92388
214.667	 267.667	 -0.382683	 0.92388
220.958	 260.958	 -0.92388	 0.382683
862	 371.118	 1	 0
854	 370.378	 1	 0
846	 370.076	 1	 0
837.952	 371.384	 0.92388	 -0.382683
830.103	 374.749	 0.92388	 -0.382683
822.931	 378.334	 -0.92388	 0.382683
814.922	 382.311	 -0.92388	 0.382683
807.149	 385.86	 -0.92388	 0.382683
798.952	 387.385	 -0.92388	 0.382683
253.158	 387.566	 6.12303e-017	 1
256.601	 379.542	 -0.382683	 0.92388
261.407	 372.407	 -0.707107	 0.707107
267.834	 367.81	 -0.707107	 0.707107
271.938	 361.474	 -0.382683	 0.92388
274.686	 354	 -0.382683	 0.92388
275.172	 346	 6.12303e-017	 1
275.069	 338.029	 6.12303e-017	 1
277.023	 330.009	 -0.382683	 0.92388
280.156	 322.565	 0.382683	 -0.92388
282.044	 315	 -1.83691e-016	 -1
385	 335.8	 -1	 1.22461e-016
377	 334.643	 -1	 1.22461e-016
369	 334.199	 -1	 1.22461e-016
362.08	 337.192	 -0.707107	 0.707107
356.994	 343.994	 -0.382683	 0.92388
350.611	 348.611	 -0.92388	 0.382683
186.093	 356.224	 -0.92388	 0.382683
193.007	 352.517	 -0.92388	 0.382683
199.143	 347.971	 -0.707107	 0.707107
204.962	 342.191	 -0.382683	 0.92388
208.833	 334.833	 -0.707107	 0.707107
215.885	 329.722	 -0.92388	 0.382683
223.992	 326.48	 -0.92388	 0.382683
231.923	 323.814	 -0.92388	 0.382683
240.023	 320.055	 -0.92388	 0.382683
247.905	 316.772	 -0.92388	 0.382683
255.915	 313.794	 -0.92388	 0.382683
264	 312.125	 -1	 1.22461e-016
271.975	 310.94	 -0.92388	 0.382683
279.9	 309.26	 -0.92388	 0.382683
289.107	 393.456	 0.707107	 0.707107
288.935	 385	 0.382683	 0.92388
289.61	 376.546	 6.12303e-017	 1
291.296	 368.915	 -0.382683	 0.92388
293.395	 361.456	 -0.382683	 0.92388
297.839	 354.141	 -0.382683	 0.92388
300.827	 346.636	 -0.382683	 0.92388
302.708	 338.586	 0.382683	 -0.92388
305.351	 331.688	 0.382683	 -0.92388
309.094	 323.539	 0.382683	 -0.92388
313.338	 315.933	 -1.83691e-016	 -1
316.853	 308.853	 0.707107	 -0.707107
546.802	 381.582	 6.12303e-017	 1
543.945	 373.883	 0.707107	 0.707107
239.017	 388.458	 1	 0
231.583	 383.465	 0.707107	 0.707107
429.86	 395.753	 0.92388	 0.382683
423.828	 391.071	 0.382683	 0.92388
440	 397.725	 0.92388	 -0.382683
431.95	 397.12	 1	 0
459	 442.53	 1	 0
451	 443.335	 1	 0
443	 443.936	 1	 0
435	 443.117	 1	 0
427.098	 442.264	 1	 0
419	 441.132	 1	 0
411	 441.498	 1	 0
403	 442.939	 1	 0
395	 444.545	 0.92388	 -0.382683
387.038	 446.592	 0.92388	 -0.382683
379	 448.013	 1	 0
371	 449.062	 1	 0
363	 449.604	 1	 0
355	 450.298	 1	 0
347.033	 448.42	 0.92388	 0.382683
340.945	 444.055	 0.707107	 0.707107
337.021	 439.979	 0.707107	 0.707107
331.572	 433.47	 0.707107	 0.707107
325.759	 426.893	 0.382683	 0.92388
321.018	 420.982	 0.707107	 0.707107
315.182	 414.925	 0.382683	 0.92388
310.278	 407.722	 0.707107	 0.707107
304.235	 401.765	 0.707107	 0.707107
297.525	 396.939	 0.92388	 0.382683
794.555	 387.632	 -1	 1.22461e-016
787	 384.657	 -1	 1.22461e-016
277	 391.483	 1	 0
269	 390.607	 -1	 1.22461e-016
261	 390.152	 -0.92388	 -0.382683
798.021	 419.991	 0.707107	 0.707107
803.128	 424.192	 1	 0
810.067	 419.067	 0.707107	 -0.707107
815.202	 414.202	 0.707107	 -0.707107
821.954	 408.89	 0.707107	 -0.707107
830.5	 408.5	 1	 0
836.362	 403.167	 0.707107	 -0.707107
843.312	 400.699	 1	 0
563.235	 431.61	 0.707107	 0.707107
560.532	 424.153	 0.382683	 0.92388
557.168	 416.43	 0.382683	 0.92388
553.164	 408.432	 0.382683	 0.92388
550.81	 400.579	 0.382683	 0.92388
548.663	 392.433	 0.382683	 0.92388
547.102	 384	 6.12303e-017	 1
110.489	 445.995	 -0.707107	 0.707107
111.633	 438	 6.12303e-017	 1
627.983	 440.958	 -1	 1.22461e-016
620	 441.297	 -0.92388	 0.382683
612.049	 444.119	 -0.92388	 0.382683
603.987	 447.969	 -0.92388	 0.382683
597.604	 453.604	 -0.707107	 0.707107
591.599	 459.738	 -0.707107	 0.707107
807.465	 547.084	 0.92388	 0.382683
799.984	 544.039	 0.92388	 0.382683
791.842	 540.158	 0.92388	 0.382683
785.475	 535.561	 0.92388	 0.382683
778	 531.071	 0.92388	 0.382683
770.453	 527.614	 0.92388	 0.382683
763.087	 524.291	 0.92388	 0.382683
755.856	 520.848	 0.92388	 0.382683
943	 477.723	 0.92388	 0.382683
951.008	 479.981	 0.92388	 0.382683
958	 484	 0.92388	 0.382683
965.05	 487.95	 0.707107	 0.707107
970.5	 492	 1	 0
977.087	 498.913	 0.382683	 0.92388
980.893	 507	 0.382683	 0.92388
935.321	 609.074	 0.382683	 0.92388
929.952	 605.048	 0.707107	 0.707107
924.017	 599.983	 0.707107	 0.707107
918.034	 594.966	 0.707107	 0.707107
912.486	 590.533	 0.92388	 0.382683
905.048	 585.885	 0.92388	 0.382683
896.988	 582.029	 0.92388	 0.382683
645.939	 490.648	 -0.92388	 -0.382683
638.475	 488.559	 -0.92388	 -0.382683
631.882	 484.118	 -0.707107	 -0.707107
624.652	 479.348	 -0.382683	 -0.92388
622.504	 471	 -1.83691e-016	 -1
623.642	 463.059	 0.382683	 -0.92388
625.233	 455.597	 0.707107	 -0.707107
628.217	 448.59	 0.382683	 -0.92388
754.055	 519.867	 0.92388	 0.382683
746.031	 515.925	 0.92388	 0.382683
739.058	 512.36	 0.92388	 0.382683
732.027	 508.935	 0.92388	 0.382683
724.549	 506.381	 0.92388	 0.382683
717	 503.736	 0.92388	 0.382683
709	 502.261	 1	 0
701	 500.88	 0.92388	 0.382683
693.451	 499.118	 0.92388	 0.382683
685.498	 496.506	 0.92388	 0.382683
678	 493.815	 0.92388	 0.382683
670	 492.193	 1	 0
662	 491.463	 -1	 1.22461e-016
654	 491.541	 -1	 1.22461e-016
513.001	 587.5	 -1.83691e-016	 -1
516.04	 580	 -1.83691e-016	 -1
520.541	 573.517	 0.382683	 -0.92388
524.472	 567.196	 0.382683	 -0.92388
528.047	 559.811	 0.382683	 -0.92388
532.643	 552.851	 0.382683	 -0.92388
574.367	 500.945	 6.12303e-017	 1
575.253	 492.898	 -0.382683	 0.92388
577.934	 485.934	 -0.707107	 0.707107
582.063	 479.026	 -0.382683	 0.92388
584.604	 471.043	 -0.382683	 0.92388
642.21	 507.087	 -0.382683	 0.92388
643.786	 499	 -0.382683	 -0.92388
173.221	 631.409	 0.707107	 0.707107
181.059	 635.358	 0.92388	 0.382683
189.091	 638.781	 0.92388	 0.382683
197	 640.92	 1	 0
205	 642.392	 1	 0
213.032	 644.922	 1	 0
35.9655	 478.917	 -0.707107	 0.707107
27.5345	 479.583	 -0.92388	 0.382683
78.9586	 598.6	 1	 0
70	 596.038	 0.92388	 0.382683
309.598	 547	 6.12303e-017	 1
308.819	 539	 0.382683	 0.92388
306.564	 531.974	 0.382683	 0.92388
302.8	 524.583	 6.12303e-017	 1
298.962	 518.056	 -0.382683	 -0.92388
293.871	 511.554	 -0.382683	 -0.92388
292.089	 504	 -1.83691e-016	 -1
579.504	 525.498	 0.382683	 0.92388
578.391	 516.696	 6.12303e-017	 1
576.86	 509	 6.12303e-017	 1
947.5	 626	 1	 0
941.181	 620.132	 0.382683	 0.92388
937.333	 612.862	 0.382683	 0.92388
491.028	 540.332	 0.92388	 0.382683
499.474	 540.438	 0.92388	 -0.382683
506.977	 537.444	 1	 0
515	 537.385	 1	 0
523.086	 538.293	 0.92388	 0.382683
944.619	 571.049	 -0.382683	 0.92388
941.19	 579.079	 -0.382683	 0.92388
938.235	 586.89	 -0.382683	 0.92388
936.567	 595.028	 6.12303e-017	 1
935.977	 603	 6.12303e-017	 1
341.848	 605.765	 0.92388	 0.382683
335.035	 600.965	 0.707107	 0.707107
329.108	 594.662	 0.382683	 0.92388
326.535	 586.986	 0.382683	 0.92388
324.328	 579	 0.382683	 0.92388
322.147	 571.439	 0.382683	 0.92388
319.064	 564.936	 0.707107	 0.707107
312.6	 559.459	 0.707107	 0.707107
308.776	 550.848	 -0.382683	 0.92388
215	 645.324	 0.92388	 0.382683
222.841	 647.884	 0.92388	 0.382683
231.041	 650.9	 1	 0
650.247	 931.862	 0.707107	 0.707107
644.935	 925.027	 0.382683	 0.92388
641.135	 917.151	 0.382683	 0.92388
637.04	 908.983	 0.382683	 0.92388
634.297	 901.084	 0.382683	 0.92388
632.304	 893.081	 0.382683	 0.92388
630.079	 885.175	 0.382683	 0.92388
628.07	 877.178	 0.382683	 0.92388
626.288	 869	 0.382683	 0.92388
624.263	 861.098	 6.12303e-017	 1
622.078	 852.968	 0.382683	 0.92388
620.509	 845	 6.12303e-017	 1
619.21	 837.12	 6.12303e-017	 1
780.494	 616.015	 0.92388	 0.382683
788.438	 620.149	 0.92388	 0.382683
796.579	 624.309	 0.92388	 0.382683
804.48	 628.048	 0.92388	 0.382683
812.555	 631.367	 0.92388	 0.382683
820.519	 634.454	 0.92388	 0.382683
825.085	 553.795	 0.92388	 0.382683
817.362	 550.833	 0.92388	 0.382683
809.362	 547.833	 0.92388	 0.382683
788.308	 590.421	 -0.382683	 0.92388
785.569	 597.529	 -0.382683	 0.92388
783.311	 605.422	 -0.382683	 0.92388
233	 651.914	 1	 0
239.847	 657.153	 0.707107	 0.707107
247.022	 662.448	 0.707107	 0.707107
253.967	 667.08	 0.707107	 0.707107
261.007	 671.482	 0.92388	 0.382683
268.961	 675.095	 0.92388	 0.382683
275.066	 679.934	 0.707107	 0.707107
279.003	 686.052	 0.382683	 0.92388
286.148	 690.939	 0.382683	 0.92388
291.667	 697.638	 0.382683	 0.92388
295.929	 704.53	 0.382683	 0.92388
301.999	 711.001	 0.707107	 0.707107
306.539	 715.405	 0.92388	 0.382683
314.848	 718.924	 0.92388	 0.382683
64.5	 593.5	 0.92388	 0.382683
61.6875	 585.422	 0.382683	 0.92388
58.0333	 577.986	 0.382683	 0.92388
53.7321	 570.904	 0.382683	 0.92388
49.6875	 564.129	 0.382683	 0.92388
47.8214	 556	 6.12303e-017	 1
45.5417	 548	 0.382683	 0.92388
45	 539.5	 0.382683	 0.92388
43.4167	 531	 -1.83691e-016	 -1
41.0952	 522.961	 -0.382683	 -0.92388
39.625	 514.155	 -1.83691e-016	 -1
40.4861	 506	 0.382683	 -0.92388
45.5	 499	 -1.83691e-016	 -1
42.2346	 491.652	 -0.382683	 -0.92388
104.046	 608.389	 1	 0
96.3889	 605.268	 0.92388	 0.382683
89	 602.583	 0.92388	 0.382683
81	 599.417	 0.92388	 0.382683
372	 610.533	 1	 0
364	 610.89	 1	 0
356.133	 610.679	 0.92388	 0.382683
347.952	 608.116	 0.92388	 0.382683
871.926	 638.821	 -0.92388	 0.382683
880	 636.829	 -1	 1.22461e-016
888	 634.821	 -0.92388	 0.382683
896	 633.814	 1	 0
904	 633.99	 1	 0
912	 634.66	 1	 0
920	 634.667	 1	 0
928.043	 633.104	 0.92388	 -0.382683
936.015	 630.036	 0.92388	 -0.382683
943.969	 626.925	 0.92388	 -0.382683
888.988	 578.529	 0.92388	 0.382683
881.462	 575.093	 0.92388	 0.382683
873.923	 572.185	 0.92388	 0.382683
866.489	 569.526	 0.92388	 0.382683
859.929	 566.672	 0.92388	 0.382683
852.979	 563.551	 0.92388	 0.382683
845.921	 560.69	 0.92388	 0.382683
837.539	 557.905	 0.92388	 0.382683
829.532	 555.422	 0.92388	 0.382683
322	 723.163	 0.92388	 -0.382683
329.066	 718.066	 0.707107	 -0.707107
334.661	 712.661	 0.707107	 -0.707107
340.504	 707.51	 0.92388	 -0.382683
346.155	 703.155	 0.707107	 -0.707107
352.357	 697.357	 0.707107	 -0.707107
357.989	 691.989	 0.707107	 -0.707107
362.851	 687.641	 0.92388	 -0.382683
368.933	 682.837	 0.92388	 -0.382683
101.65	 687.438	 6.12303e-017	 1
93.569	 683.333	 0.92388	 0.382683
88.35	 678.65	 0.707107	 0.707107
84.1667	 671.931	 0.382683	 0.92388
80.8667	 664.055	 0.382683	 0.92388
80.5	 656	 0.382683	 0.92388
80.5654	 647.765	 0.382683	 0.92388
83.125	 640.552	 -0.382683	 0.92388
84.25	 633	 -1.83691e-016	 -1
82.7708	 624	 0.382683	 -0.92388
456	 609.67	 1	 0
447.985	 609.537	 1	 0
440	 609.128	 1	 0
432	 609.796	 1	 0
424	 610.148	 1	 0
416	 610.638	 1	 0
408	 611.37	 0.92388	 -0.382683
400	 611.974	 1	 0
392.043	 612.395	 1	 0
384	 611.241	 1	 0
376	 610.686	 1	 0
857.304	 880.304	 0.707107	 -0.707107
851.374	 885.374	 0.707107	 -0.707107
845.285	 891.285	 0.707107	 -0.707107
838.715	 896.886	 0.707107	 -0.707107
832.171	 902.515	 0.707107	 -0.707107
609.022	 619.848	 -0.382683	 0.92388
609.252	 612	 6.12303e-017	 1
609.44	 604	 6.12303e-017	 1
609.752	 596	 6.12303e-017	 1
609.362	 588	 6.12303e-017	 1
608.493	 580	 6.12303e-017	 1
606.873	 571.553	 0.382683	 0.92388
603.643	 563.441	 0.382683	 0.92388
599.593	 556.407	 0.707107	 0.707107
595.361	 549.639	 0.382683	 0.92388
589.61	 543.454	 0.707107	 0.707107
583.728	 537.113	 0.382683	 0.92388
580.857	 529.31	 0.382683	 0.92388
370.516	 681.538	 0.92388	 -0.382683
377.026	 676.026	 0.92388	 -0.382683
384.601	 671.743	 0.92388	 -0.382683
392.463	 668.411	 0.92388	 -0.382683
400.458	 665.898	 0.92388	 -0.382683
408.41	 664.283	 1	 0
416	 663.198	 1	 0
423.688	 661.953	 0.92388	 -0.382683
432	 661.218	 0.92388	 -0.382683
439.848	 658.918	 0.92388	 -0.382683
824.531	 635.924	 0.92388	 0.382683
832.555	 638.867	 0.92388	 0.382683
810.182	 672	 6.12303e-017	 1
812.144	 664.559	 -0.382683	 0.92388
816.191	 657.372	 0.382683	 -0.92388
819.327	 649.428	 -1.83691e-016	 -1
821.666	 641.569	 0.382683	 -0.92388
723.208	 705.914	 0.707107	 0.707107
717.352	 699.061	 0.382683	 0.92388
712.931	 691.529	 0.382683	 0.92388
707.746	 683.898	 0.382683	 0.92388
702.797	 676.203	 0.382683	 0.92388
699.052	 671.948	 0.707107	 0.707107
694.402	 667.598	 0.707107	 0.707107
688.283	 661.717	 0.707107	 0.707107
682.771	 655.229	 0.382683	 0.92388
678.167	 647.931	 0.382683	 0.92388
673.026	 640.974	 0.382683	 0.92388
667.253	 634.747	 0.707107	 0.707107
660.733	 629.267	 -0.92388	 -0.382683
653	 626.647	 -1	 1.22461e-016
645	 626.461	 -1	 1.22461e-016
637	 626.591	 -1	 1.22461e-016
628.953	 626.114	 -0.92388	 -0.382683
620.48	 623.549	 -0.92388	 -0.382683
302.862	 759.692	 0.382683	 -0.92388
298.567	 766.567	 0.707107	 -0.707107
292.876	 772.876	 0.707107	 -0.707107
287.768	 778.768	 0.707107	 -0.707107
282.939	 784.939	 0.707107	 -0.707107
278.095	 791.095	 0.707107	 -0.707107
273.191	 798.191	 0.382683	 -0.92388
268.104	 805.104	 0.707107	 -0.707107
262.808	 811.808	 0.382683	 -0.92388
257.5	 818	 0.707107	 -0.707107
248.986	 817.534	 0.92388	 0.382683
241.047	 814.888	 0.92388	 0.382683
233	 813.708	 1	 0
225	 813.042	 1	 0
619.354	 726.44	 6.12303e-017	 1
624.688	 719.078	 -0.382683	 0.92388
628.978	 710.991	 -0.382683	 0.92388
631.804	 703	 6.12303e-017	 1
633.268	 695	 6.12303e-017	 1
548.482	 669.492	 -0.382683	 0.92388
544.247	 676.102	 -0.707107	 0.707107
538.95	 682.95	 -0.707107	 0.707107
534.388	 688.388	 -0.707107	 0.707107
529.998	 692.998	 -0.707107	 0.707107
525.899	 696.899	 -0.707107	 0.707107
519.897	 701.897	 -0.92388	 0.382683
513.047	 707.112	 -0.707107	 0.707107
878.546	 661.888	 0.92388	 0.382683
870.94	 659.146	 -0.92388	 -0.382683
202.547	 806.386	 0.92388	 0.382683
193.857	 804.345	 1	 0
186.839	 802.389	 0.92388	 0.382683
178.655	 800.125	 0.92388	 0.382683
170.074	 795.821	 0.92388	 0.382683
163	 791.5	 1	 0
155.948	 788.125	 0.92388	 0.382683
149.317	 784.683	 0.92388	 0.382683
142.771	 780.229	 0.707107	 0.707107
412.627	 778.345	 -0.382683	 0.92388
408.3	 785.624	 6.12303e-017	 1
410.178	 793.926	 0.382683	 0.92388
445.16	 737.84	 -0.707107	 -0.707107
439.807	 733.193	 -0.707107	 -0.707107
432.076	 729.317	 -0.92388	 -0.382683
424.989	 724.011	 -0.707107	 -0.707107
419.45	 719.521	 -0.707107	 -0.707107
412.595	 715.272	 -0.92388	 -0.382683
761	 932.995	 1	 0
753	 933	 1	 0
744	 933.924	 1	 0
736	 933.991	 1	 0
728	 934.004	 1	 0
720	 934.004	 1	 0
712	 934	 1	 0
704	 933.991	 1	 0
696	 934	 1	 0
687	 934.785	 0.92388	 -0.382683
679	 934.996	 1	 0
671	 934.996	 1	 0
663	 935.004	 1	 0
655	 934.985	 1	 0
295.734	 748.266	 0.382683	 0.92388
298.553	 755.686	 0.382683	 0.92388
428.931	 805.931	 -0.382683	 0.92388
426.209	 814.587	 -0.382683	 0.92388
424.268	 822.611	 6.12303e-017	 1
864.345	 767.351	 -0.382683	 0.92388
858.255	 772.359	 -0.92388	 0.382683
850.62	 775.586	 -0.92388	 0.382683
842	 775.552	 -0.92388	 0.382683
834	 776.522	 -1	 1.22461e-016
881.729	 857.901	 0.707107	 -0.707107
875.681	 863.852	 0.707107	 -0.707107
869.713	 868.885	 0.707107	 -0.707107
863.184	 874.527	 0.707107	 -0.707107
347.456	 775.107	 0.92388	 0.382683
338.985	 772.536	 -0.92388	 -0.382683
331	 769.823	 -0.92388	 -0.382683
323	 765.999	 -1	 1.22461e-016
314.908	 762.723	 -0.92388	 -0.382683
137.646	 776.146	 0.92388	 0.382683
130	 772.619	 1	 0
122.5	 768.5	 0.92388	 0.382683
454.604	 938.25	 1	 0
463	 938.004	 1	 0
471	 937.988	 1	 0
479	 937.992	 1	 0
487	 937.996	 1	 0
495	 938.004	 1	 0
607.642	 789	 6.12303e-017	 1
607.588	 781	 6.12303e-017	 1
607.631	 773	 -0.382683	 0.92388
608.315	 765	 6.12303e-017	 1
830	 777.286	 -1	 1.22461e-016
822	 777.837	 -1	 1.22461e-016
381.535	 801.917	 1	 0
374.602	 796.398	 0.382683	 0.92388
369.437	 789.563	 0.707107	 0.707107
362.128	 784.191	 0.707107	 0.707107
354.437	 779.152	 0.707107	 0.707107
564	 937.009	 1	 0
572.105	 936.754	 1	 0
580.105	 936.754	 1	 0
588.105	 936.754	 1	 0
596.105	 936.754	 1	 0
604.105	 936.754	 1	 0
612.105	 936.754	 1	 0
620.105	 936.754	 1	 0
627.953	 935.988	 0.92388	 -0.382683
636	 935	 1	 0
644	 935.043	 1	 0
578	 797.93	 1	 0
585.946	 795.869	 0.92388	 -0.382683
593.523	 793.056	 0.92388	 -0.382683
600.963	 790.911	 0.92388	 -0.382683
220.568	 812.335	 1	 0
211.908	 809.223	 0.92388	 0.382683
204.462	 807.093	 0.92388	 0.382683
653.009	 802.996	 0.707107	 0.707107
659.069	 806.931	 0.707107	 0.707107
617.364	 829.056	 0.382683	 0.92388
615.486	 821.006	 6.12303e-017	 1
613.486	 813.006	 0.382683	 0.92388
610.992	 805.003	 0.382683	 0.92388
608.973	 797.011	 0.382683	 0.92388
788.633	 785.945	 0.382683	 0.92388
783.319	 778.681	 0.707107	 0.707107
777.422	 772.578	 0.707107	 0.707107
771.126	 766.874	 0.707107	 0.707107
750.5	 878	 0.92388	 -0.382683
756.9	 872.9	 0.92388	 -0.382683
764.856	 871.286	 0.92388	 0.382683
771.957	 874.604	 0.707107	 0.707107
185.323	 831.176	 0.92388	 -0.382683
192.714	 828.114	 0.92388	 -0.382683
200	 828.079	 -1	 1.22461e-016
208.166	 825.4	 0.92388	 -0.382683
215.088	 820.712	 0.707107	 -0.707107
424.268	 824.611	 6.12303e-017	 1
426.386	 833	 6.12303e-017	 1
427.314	 841	 6.12303e-017	 1
427.96	 849	 6.12303e-017	 1
172	 835.083	 -1	 1.22461e-016
179.848	 833.616	 0.92388	 -0.382683
237	 837.602	 0.92388	 -0.382683
244.514	 833.534	 0.707107	 -0.707107
248.998	 828.998	 0.707107	 -0.707107
252.902	 824.902	 0.707107	 -0.707107
385.096	 867.096	 -0.707107	 0.707107
380.527	 874.011	 -0.382683	 0.92388
376.136	 881.349	 -0.382683	 0.92388
372.722	 889.092	 -0.382683	 0.92388
369.481	 896.992	 -0.382683	 0.92388
366.194	 905.081	 -0.382683	 0.92388
363.295	 912.915	 -0.382683	 0.92388
361.659	 921	 6.12303e-017	 1
360.476	 929	 -0.382683	 0.92388
358.144	 936.853	 6.12303e-017	 1
488.635	 871.056	 -0.382683	 0.92388
491.356	 863.44	 -0.382683	 0.92388
493.426	 856.469	 6.12303e-017	 1
496.676	 848.573	 -0.382683	 0.92388
501.043	 840.518	 -0.382683	 0.92388
504.166	 832.362	 -0.382683	 0.92388
507.611	 824.546	 -0.382683	 0.92388
510.426	 816.969	 -0.382683	 0.92388
513.18	 809.574	 -0.382683	 0.92388
516.929	 801.471	 -0.382683	 0.92388
521.946	 794.946	 0.707107	 -0.707107
528.503	 790.508	 0.92388	 -0.382683
536	 788.74	 1	 0
544	 788.275	 1	 0
551.556	 790.364	 0.92388	 0.382683
559.566	 794.434	 0.707107	 0.707107
568	 796.257	 1	 0
576	 796.518	 1	 0
428.255	 855	 6.12303e-017	 1
428.267	 863	 6.12303e-017	 1
427.693	 871	 6.12303e-017	 1
426.182	 880	 6.12303e-017	 1
424.991	 888	 6.12303e-017	 1
424.285	 896	 6.12303e-017	 1
424.692	 904	 0.382683	 0.92388
426.341	 911.566	 0.382683	 0.92388
427.558	 919.476	 6.12303e-017	 1
429.394	 927	 6.12303e-017	 1
431.972	 935	 0.382683	 0.92388
438	 938.994	 1	 0
446	 939.016	 1	 0
497	 938.004	 1	 0
505	 938	 1	 0
513.604	 937.25	 1	 0
522	 936.996	 1	 0
530	 936.991	 1	 0
538	 937.02	 1	 0
546	 937.013	 1	 0
554	 937.012	 1	 0
562	 937.009	 1	 0
713.52	 894.492	 0.382683	 0.92388
719.257	 900.743	 0.707107	 0.707107
726.065	 904.343	 0.92388	 0.382683
733.493	 907.517	 0.92388	 0.382683
741.45	 909.62	 0.92388	 0.382683
747.517	 913.959	 0.707107	 0.707107
753.152	 919.848	 0.382683	 0.92388
757.406	 927.539	 0.707107	 0.707107
264	 907	 -1	 1.22461e-016
272	 904.85	 -1	 1.22461e-016
280	 905.167	 -1	 1.22461e-016
287.993	 903.984	 -0.92388	 0.382683
294.942	 900.361	 -0.92388	 0.382683
301.127	 895.306	 -0.92388	 0.382683
308.099	 890.239	 -0.92388	 0.382683
314.164	 885.164	 -0.707107	 0.707107
319.739	 879.392	 -0.707107	 0.707107
324.744	 872.744	 -0.707107	 0.707107
330.564	 867.154	 -0.92388	 0.382683
337.473	 862.436	 0.92388	 -0.382683
343.957	 857.896	 0.92388	 -0.382683
351.924	 856.317	 1	 0
360	 857.857	 1	 0
368.11	 858.733	 1	 0
375.957	 860.604	 0.92388	 0.382683
382.806	 864.194	 0.382683	 0.92388
57.45	 424	 -0.382683	 0.92388
59.0238	 415	 0.382683	 0.92388
59.5654	 405.848	 6.12303e-017	 1
58.5143	 398	 6.12303e-017	 1
56.5833	 389.965	 0.382683	 0.92388
54.8487	 381.848	 0.382683	 0.92388
51	 373.5	 -1.83691e-016	 -1
111.896	 435.957	 6.12303e-017	 1
114.436	 427.974	 -0.382683	 0.92388
118.947	 420.978	 -0.382683	 0.92388
122.981	 412.992	 -0.382683	 0.92388
126.795	 405.122	 -0.382683	 0.92388
129.665	 397.068	 -0.382683	 0.92388
132.296	 389.296	 -0.707107	 0.707107
137.838	 381.838	 -0.707107	 0.707107
143.38	 375.38	 -0.707107	 0.707107
148.933	 369.338	 -0.707107	 0.707107
120.831	 764.071	 0.382683	 0.92388
117.75	 756.396	 0.382683	 0.92388
113.688	 749.422	 0.382683	 0.92388
109.696	 742.126	 0.382683	 0.92388
105.55	 734.479	 0.382683	 0.92388
103.104	 726.957	 0.382683	 0.92388
102.786	 719	 6.12303e-017	 1
102.523	 709.491	 0.382683	 0.92388
100.75	 701	 6.12303e-017	 1
100.823	 693	 6.12303e-017	 1
84.0268	 483	 0.382683	 0.92388
84.75	 475.104	 -0.382683	 0.92388
88.1	 467.1	 -0.382683	 0.92388
93.9667	 460.967	 -0.382683	 0.92388
99.3384	 454.338	 -0.707107	 0.707107
105.481	 452.086	 -0.707107	 0.707107
143	 622.131	 1	 0
135	 620.364	 1	 0
126.92	 618.193	 0.92388	 0.382683
119.41	 615.217	 0.92388	 0.382683
112.143	 612.154	 1	 0
110.861	 646.85	 0.382683	 0.92388
109.6	 639.041	 6.12303e-017	 1
110.7	 631	 -1.83691e-016	 -1
110.5	 623	 -1.83691e-016	 -1
107.37	 615.738	 -0.707107	 -0.707107
152.374	 366.695	 -0.92388	 0.382683
159.917	 362.3	 -0.92388	 0.382683
168	 359.42	 -1	 1.22461e-016
176.075	 358.681	 -0.92388	 0.382683
183.995	 356.988	 -0.92388	 0.382683
116.208	 361.586	 -0.382683	 0.92388
117.8	 353.124	 6.12303e-017	 1
120	 344	 0.382683	 -0.92388
192.075	 382.969	 6.12303e-017	 1
191.162	 375	 -0.382683	 -0.92388
188.112	 366.954	 -0.382683	 -0.92388
187.833	 359	 -1.83691e-016	 -1
229.431	 380.029	 6.12303e-017	 1
228.881	 372	 6.12303e-017	 1
230.25	 364	 -1.83691e-016	 -1
232.143	 355.602	 0.382683	 -0.92388
237.396	 349.078	 0.707107	 -0.707107
199.286	 787.382	 6.12303e-017	 1
202.938	 795.026	 6.12303e-017	 1
250.337	 711.86	 0.707107	 0.707107
255.912	 717.088	 0.707107	 0.707107
262.512	 722.488	 0.707107	 0.707107
267.015	 726.985	 0.707107	 0.707107
273.074	 731.926	 0.92388	 0.382683
280.554	 736.371	 0.92388	 0.382683
287.494	 740.506	 0.707107	 0.707107
293.103	 745.725	 0.707107	 0.707107
222.833	 259.638	 -0.707107	 0.707107
227.536	 252.536	 -0.382683	 0.92388
231.81	 244.81	 -0.707107	 0.707107
236.462	 237.191	 -0.382683	 0.92388
242.063	 230.026	 -0.382683	 0.92388
281.125	 406	 -0.382683	 -0.92388
277.919	 398.534	 -0.382683	 -0.92388
336.15	 145.938	 0.382683	 0.92388
333.875	 138.345	 0.382683	 0.92388
331.931	 131	 6.12303e-017	 1
331.718	 123	 6.12303e-017	 1
331.817	 115.424	 6.12303e-017	 1
331.317	 106	 6.12303e-017	 1
330.725	 98	 6.12303e-017	 1
327.301	 91.8204	 -0.92388	 -0.382683
321	 88.0069	 -1	 1.22461e-016
313	 87.9937	 -1	 1.22461e-016
305	 88.0031	 -1	 1.22461e-016
297	 88.003	 -1	 1.22461e-016
289	 88	 -1	 1.22461e-016
280	 89	 -1	 1.22461e-016
272	 89	 -1	 1.22461e-016
264	 89	 -1	 1.22461e-016
256	 88.9873	 -1	 1.22461e-016
248	 89.2199	 -0.92388	 0.382683
239	 90.05	 -1	 1.22461e-016
231.89	 93.071	 -0.707107	 0.707107
225.726	 97.7259	 -0.707107	 0.707107
219.712	 103.712	 -0.707107	 0.707107
213.706	 109.706	 -0.707107	 0.707107
207.701	 115.701	 -0.707107	 0.707107
201.744	 120.744	 -0.707107	 0.707107
299.513	 137.487	 0.92388	 0.382683
306	 143	 1	 0
313.906	 147.728	 0.92388	 0.382683
319.473	 161.527	 -0.92388	 -0.382683
325.1	 167	 -0.382683	 -0.92388
330.911	 173.537	 0.382683	 0.92388
336.222	 180.615	 0.382683	 0.92388
341.021	 187.991	 0.382683	 0.92388
421.593	 388.169	 0.382683	 0.92388
419.897	 380.043	 6.12303e-017	 1
417.824	 372.073	 6.12303e-017	 1
416.901	 364	 6.12303e-017	 1
416.273	 356	 6.12303e-017	 1
414.522	 347.991	 -0.382683	 -0.92388
409.958	 341.042	 -0.92388	 -0.382683
402.578	 339.312	 -1	 1.22461e-016
395	 337.303	 -1	 1.22461e-016
387	 336.341	 -1	 1.22461e-016
403.618	 234.215	 0.92388	 0.382683
411.453	 237.614	 0.92388	 0.382683
419.53	 241.429	 0.707107	 0.707107
426.342	 246.658	 0.92388	 0.382683
432.531	 250.926	 0.707107	 0.707107
437.823	 255.177	 0.707107	 0.707107
443.07	 259.93	 0.707107	 0.707107
449.369	 264.631	 0.707107	 0.707107
455.995	 269.005	 0.92388	 0.382683
462.204	 273.796	 0.707107	 0.707107
468.705	 279.295	 0.707107	 0.707107
474.907	 284.093	 0.707107	 0.707107
482.501	 288.498	 0.92388	 0.382683
414.186	 699.577	 -1.83691e-016	 -1
413.337	 691.932	 0.382683	 -0.92388
418.026	 684.026	 0.382683	 -0.92388
421.664	 676.361	 0.707107	 -0.707107
442.065	 658.657	 0.92388	 -0.382683
450	 656.107	 0.92388	 -0.382683
457.494	 652.985	 0.92388	 -0.382683
465.413	 648.79	 0.92388	 -0.382683
471.596	 644.232	 0.707107	 -0.707107
475.921	 639.921	 0.382683	 -0.92388
482.678	 635.065	 0.92388	 -0.382683
488.38	 628.38	 0.707107	 -0.707107
493.939	 622.939	 0.707107	 -0.707107
497.846	 618.846	 0.707107	 -0.707107
503.002	 612.002	 0.382683	 -0.92388
507.192	 604.872	 0.382683	 -0.92388
510.794	 597.122	 0.382683	 -0.92388
513.001	 589.5	 -1.83691e-016	 -1
466.287	 760.287	 -0.707107	 0.707107
462.179	 766.179	 -0.707107	 0.707107
457.584	 772.584	 -0.707107	 0.707107
452.731	 778.731	 -0.707107	 0.707107
447.514	 785.514	 -0.707107	 0.707107
442.247	 792.247	 -0.707107	 0.707107
437.078	 798.078	 -0.707107	 0.707107
431.457	 803.457	 -0.707107	 0.707107
506.985	 712.963	 -0.707107	 0.707107
501.551	 718.551	 -0.707107	 0.707107
495.535	 724.535	 -0.707107	 0.707107
489.725	 730.725	 -0.707107	 0.707107
484.631	 736.631	 -0.707107	 0.707107
480.174	 742.174	 -0.707107	 0.707107
475.082	 748.082	 -0.707107	 0.707107
470.865	 753.865	 -0.382683	 0.92388
465.782	 687.91	 -0.707107	 0.707107
463.815	 695	 -0.382683	 0.92388
476.848	 446.48	 0.92388	 -0.382683
469.486	 445.533	 1	 0
461	 442.673	 0.92388	 0.382683
531.131	 308.054	 6.12303e-017	 1
534.192	 315.445	 0.382683	 0.92388
536.353	 323.561	 0.382683	 0.92388
539.414	 330.952	 0.382683	 0.92388
542.065	 338.68	 0.382683	 0.92388
532.232	 203	 6.12303e-017	 1
530.602	 194.958	 0.382683	 0.92388
528.727	 187.406	 0.382683	 0.92388
526.056	 179.977	 0.382683	 0.92388
523.917	 172.035	 6.12303e-017	 1
523.06	 164	 6.12303e-017	 1
523.369	 155.946	 -1.83691e-016	 -1
502.578	 267.311	 0.707107	 0.707107
496.725	 262.115	 0.382683	 0.92388
494.343	 254	 6.12303e-017	 1
488.911	 246.537	 0.382683	 0.92388
484.43	 239.529	 0.382683	 0.92388
480.05	 233.95	 0.707107	 0.707107
475.24	 227.901	 0.382683	 0.92388
470.302	 221.375	 0.707107	 0.707107
465.234	 214.766	 0.382683	 0.92388
460.576	 209.424	 0.707107	 0.707107
454.846	 203.154	 0.707107	 0.707107
450.343	 197.858	 0.382683	 0.92388
446.275	 189.886	 0.382683	 0.92388
444.75	 181.75	 6.12303e-017	 1
450.188	 175.188	 -0.382683	 0.92388
541.402	 370.736	 0.707107	 0.707107
534.113	 368.887	 0.707107	 0.707107
528.802	 364.198	 0.707107	 0.707107
523.615	 359.213	 0.707107	 0.707107
518.548	 353.48	 0.382683	 0.92388
514.356	 346.852	 0.382683	 0.92388
510.459	 340.017	 0.382683	 0.92388
506.076	 332.968	 0.382683	 0.92388
502.493	 325.507	 0.382683	 0.92388
556.878	 633	 6.12303e-017	 1
555.766	 641	 6.12303e-017	 1
554.698	 649	 6.12303e-017	 1
553.294	 657.122	 6.12303e-017	 1
551.367	 664.945	 -0.382683	 0.92388
608.979	 759	 6.12303e-017	 1
610.117	 751	 6.12303e-017	 1
611.769	 743.112	 -0.382683	 0.92388
614.625	 735.345	 -0.382683	 0.92388
618.867	 728	 -0.382683	 0.92388
581.081	 751.467	 6.12303e-017	 1
578.931	 758.471	 -0.382683	 0.92388
587.55	 144	 6.12303e-017	 1
587.721	 152	 6.12303e-017	 1
587.92	 160	 6.12303e-017	 1
588.07	 168	 6.12303e-017	 1
588.395	 176	 6.12303e-017	 1
589.106	 184	 6.12303e-017	 1
589.497	 192	 6.12303e-017	 1
589.988	 200	 6.12303e-017	 1
590.774	 208	 6.12303e-017	 1
592.469	 216	 6.12303e-017	 1
593.356	 224	 6.12303e-017	 1
593.485	 232	 6.12303e-017	 1
613.246	 656.605	 0.707107	 0.707107
609.277	 649.092	 0.382683	 0.92388
606.767	 640.889	 0.382683	 0.92388
605.551	 633	 6.12303e-017	 1
606.861	 625.442	 -0.382683	 0.92388
633.127	 691	 6.12303e-017	 1
630.472	 683.012	 0.382683	 0.92388
627.032	 674.987	 0.382683	 0.92388
622.169	 668.831	 0.707107	 0.707107
616.547	 661.981	 0.382683	 0.92388
676.368	 760	 0.382683	 0.92388
682.193	 766.627	 0.382683	 0.92388
687.899	 773.101	 0.707107	 0.707107
692.596	 780.46	 0.382683	 0.92388
696.266	 786.39	 0.382683	 0.92388
700.081	 794.466	 0.382683	 0.92388
645.836	 773.068	 0.382683	 0.92388
646.879	 781	 6.12303e-017	 1
647.781	 789	 6.12303e-017	 1
650.052	 796.978	 0.382683	 0.92388
662.45	 149.021	 6.12303e-017	 1
659.029	 157.012	 6.12303e-017	 1
656.816	 164.924	 -0.382683	 0.92388
653.271	 173.112	 -0.382683	 0.92388
649.884	 180.952	 -0.382683	 0.92388
646.096	 189.04	 -0.382683	 0.92388
642.017	 197.007	 -0.382683	 0.92388
637.84	 205.141	 -0.382683	 0.92388
633.693	 213.08	 -0.382683	 0.92388
628.666	 219.666	 -0.707107	 0.707107
622.81	 225.81	 -0.92388	 0.382683
614.927	 229.824	 -0.92388	 0.382683
606.99	 232.976	 -0.92388	 0.382683
598.922	 235.311	 -0.92388	 0.382683
687.655	 190.375	 -0.92388	 0.382683
694.465	 186.417	 -0.92388	 0.382683
701.513	 182.532	 -0.92388	 0.382683
708.519	 178.545	 -0.92388	 0.382683
716.616	 174.279	 -0.92388	 0.382683
723.486	 170.467	 -0.92388	 0.382683
730.696	 165.974	 -0.92388	 0.382683
737.498	 161.494	 -0.92388	 0.382683
744.568	 156.664	 -0.92388	 0.382683
752.345	 152.125	 -0.92388	 0.382683
759.143	 147.143	 -0.92388	 0.382683
764.993	 141.993	 -0.707107	 0.707107
771.541	 136.6	 -0.92388	 0.382683
777.638	 131.333	 -0.92388	 0.382683
783.804	 125.804	 -0.707107	 0.707107
790.588	 120.713	 0.92388	 -0.382683
796.753	 114.753	 0.707107	 -0.707107
802.495	 108.495	 0.707107	 -0.707107
653.888	 559.112	 0.707107	 0.707107
659.553	 565.447	 0.707107	 0.707107
663.977	 570.023	 0.707107	 0.707107
668.04	 573.96	 0.707107	 0.707107
674.173	 578.827	 0.707107	 0.707107
681.545	 583.391	 0.92388	 0.382683
689.074	 587.822	 0.92388	 0.382683
697.476	 590.557	 0.92388	 0.382683
706	 591.79	 1	 0
714	 592.81	 1	 0
721.976	 594.059	 0.92388	 0.382683
729.426	 596.678	 0.92388	 0.382683
737.507	 599.982	 0.92388	 0.382683
745.637	 604.169	 0.92388	 0.382683
753.433	 607.662	 0.92388	 0.382683
761.495	 610.011	 0.92388	 0.382683
770.626	 612.195	 0.92388	 0.382683
778.668	 615.094	 0.92388	 0.382683
701.829	 798.571	 0.382683	 0.92388
704.37	 806.054	 0.382683	 0.92388
708.91	 813.037	 0.707107	 0.707107
714.462	 817.091	 0.92388	 0.382683
723	 817.589	 0.92388	 -0.382683
663.236	 810.764	 0.707107	 0.707107
666.745	 818.399	 0.382683	 0.92388
668.641	 827.149	 0.382683	 0.92388
670.819	 836	 6.12303e-017	 1
672.593	 843.962	 0.382683	 0.92388
676.154	 851.936	 0.382683	 0.92388
682.124	 857.876	 0.707107	 0.707107
690	 861.356	 0.92388	 0.382683
697.347	 865.653	 0.707107	 0.707107
702.508	 871.997	 0.382683	 0.92388
706.288	 878.588	 0.382683	 0.92388
710.3	 886.583	 0.382683	 0.92388
822	 435.932	 -1	 1.22461e-016
830.103	 438.25	 -0.92388	 -0.382683
837.973	 442.064	 0.92388	 0.382683
844.02	 446.98	 0.707107	 0.707107
849.379	 451.621	 0.707107	 0.707107
856.571	 456.329	 0.92388	 0.382683
864.081	 459.304	 0.92388	 0.382683
872	 460.779	 1	 0
879.458	 462.602	 0.92388	 0.382683
886.448	 465.125	 0.92388	 0.382683
894.066	 467.84	 0.92388	 0.382683
901.428	 470.675	 0.92388	 0.382683
909	 472.093	 1	 0
916.965	 473.585	 0.92388	 0.382683
925	 475.529	 1	 0
933	 475.792	 1	 0
941	 477.052	 1	 0
772.959	 876.041	 0.707107	 0.707107
776.643	 882.941	 6.12303e-017	 1
780.417	 890.035	 0.382683	 0.92388
785.95	 895.05	 0.92388	 0.382683
794	 895.568	 1	 0
802.082	 892.302	 1	 0
809.935	 892.157	 1	 0
819.104	 893.75	 0.92388	 0.382683
825.314	 899.364	 0.707107	 0.707107
848.332	 870.07	 0.382683	 0.92388
844.458	 862.017	 0.382683	 0.92388
841.904	 853.833	 0.382683	 0.92388
839.074	 845.969	 0.382683	 0.92388
835.266	 838.097	 0.382683	 0.92388
830.171	 830.829	 0.707107	 0.707107
824.181	 824.819	 0.707107	 0.707107
818.16	 818.84	 0.707107	 0.707107
812.189	 812.811	 0.707107	 0.707107
806.315	 806.685	 0.707107	 0.707107
800.296	 800.704	 0.707107	 0.707107
794.656	 794.936	 0.382683	 0.92388
790.057	 787.184	 0.382683	 0.92388
770.05	 765.95	 0.707107	 0.707107
765.472	 761.528	 0.707107	 0.707107
760.504	 756.498	 0.382683	 0.92388
755.3	 749.083	 0.382683	 0.92388
750.436	 742.027	 0.382683	 0.92388
745.549	 734.98	 0.382683	 0.92388
740.74	 728.26	 0.707107	 0.707107
735.651	 721.937	 0.382683	 0.92388
731.347	 715.653	 0.707107	 0.707107
725.869	 709.131	 0.707107	 0.707107
824.219	 577	 0.382683	 0.92388
824.955	 585	 -0.382683	 0.92388
818.545	 590.609	 -0.92388	 0.382683
810	 592.242	 -0.92388	 0.382683
803.049	 595.118	 -0.92388	 0.382683
876.667	 603	 6.12303e-017	 1
880.778	 594.615	 0.382683	 -0.92388
883.864	 586.444	 0.382683	 -0.92388
840.584	 641.798	 0.92388	 0.382683
848.943	 644.138	 1	 0
857	 647.634	 0.92388	 -0.382683
864.696	 646.885	 0.92388	 -0.382683
872.087	 643.823	 0.92388	 -0.382683
237.5	 214	 0.707107	 0.707107
238.209	 205	 0.382683	 0.92388
240	 197.396	 -1.83691e-016	 -1
240.15	 189	 -1.83691e-016	 -1
239.814	 180.923	 -1.83691e-016	 -1
238.5	 174	 -1.83691e-016	 -1
778.286	 380	 -0.382683	 0.92388
770.901	 384.762	 -0.92388	 0.382683
762.859	 388.661	 -0.92388	 0.382683
754.914	 390.792	 -0.92388	 0.382683
747.033	 393.079	 -0.92388	 0.382683
739.146	 395.352	 -0.92388	 0.382683
731.383	 397.719	 -0.92388	 0.382683
723.942	 400.86	 -0.92388	 0.382683
715.894	 404.744	 -0.92388	 0.382683
708.9	 408.758	 -0.92388	 0.382683
700.947	 412.871	 -0.92388	 0.382683
692.433	 415.838	 -0.92388	 0.382683
684.468	 418.923	 -0.92388	 0.382683
676.448	 421.874	 -0.92388	 0.382683
668.113	 425.273	 -0.92388	 0.382683
661.019	 429.046	 -0.92388	 0.382683
652.88	 432.71	 -0.92388	 0.382683
645.492	 437.481	 -0.92388	 0.382683
636.829	 439.587	 -0.92388	 0.382683
410	 805.09	 1	 0
402	 804.323	 1	 0
394	 803.819	 1	 0
386	 801.928	 1	 0
406.387	 712.453	 0.382683	 -0.92388
410.883	 704.883	 0.707107	 -0.707107
830.757	 903.929	 0.707107	 -0.707107
824.682	 909.853	 0.707107	 -0.707107
818.705	 914.876	 0.707107	 -0.707107
812.962	 920.692	 0.707107	 -0.707107
806.68	 925.852	 0.707107	 -0.707107
800.543	 930.641	 0.92388	 -0.382683
793	 932.957	 1	 0
785	 932.991	 1	 0
777	 933.004	 1	 0
769	 932.983	 1	 0
