face
1228
1.41421
326 327   0.90855  -0.417776
331 315   0.193464  0.981107
258 322   0.970056  0.242881
223 292   0.935607  0.353043
187 330   0.993135  0.11697
223 379   0.364782  -0.931093
275 320   0.699267  -0.71486
322 322   0.973068  -0.230517
272 229   0.529182  0.848508
247 274   0.598163  0.801374
188 324   0.980904  0.194492
272 265   0.655711  -0.755012
246 366   0.545582  0.838058
219 375   0.599733  -0.8002
303 270   0.816095  -0.577918
337 314   0.206618  0.978422
328 339   0.999153  -0.041145
313 375   0.597221  0.802077
281 337   0.0208122  -0.999783
215 371   0.614326  -0.789052
225 362   0.278092  -0.960554
345 306   0.803795  0.594906
350 287   0.956505  -0.291716
289 393   0.579856  0.814719
237 290   0.886228  -0.463249
278 227   0.249018  0.968499
326 273   0.815335  0.57899
228 382   0.17561  -0.98446
267 232   0.571309  0.820735
307 233   0.619185  -0.785245
201 331   0.581733  -0.81338
246 375   0.023258  -0.99973
350 293   0.999377  0.0352915
327 251   0.455271  -0.890353
341 310   0.681511  0.731808
320 232   0.4677  -0.883887
241 276   0.305361  0.952237
306 388   0.862942  0.505304
334 295   0.808532  -0.588452
223 241   0.673135  0.739519
216 278   0.808126  0.58901
278 305   0.945003  -0.327061
239 362   0.53165  0.846964
269 373   0.130397  0.991462
196 271   0.455713  0.890127
324 236   0.839099  -0.543978
349 281   0.937758  -0.347288
282 354   0.785493  0.61887
264 376   0.678822  0.734303
410 580   0.98153  -0.19131
309 383   0.987581  0.157112
238 220   0.0198162  0.999804
265 221   0.484763  0.874645
326 350   0.935596  0.353073
198 336   0.714815  -0.699314
253 354   0.820777  -0.571249
290 347   0.0335829  -0.999436
313 320   0.291651  -0.956525
250 348   0.95176  0.306843
317 380   0.740742  0.67179
249 295   0.00112793  0.999999
335 254   0.418273  -0.908321
244 443   0.558772  -0.829321
315 229   0.879015  -0.476794
257 372   0.877565  0.479458
326 226   0.799142  -0.601142
325 334   0.926891  -0.375331
209 238   0.703126  0.711065
211 289   0.0381898  -0.99927
244 220   0.156946  -0.987607
310 329   0.588011  -0.808853
321 206   0.57556  -0.81776
298 372   0.288666  0.95743
314 365   0.662276  0.74926
227 248   0.446979  0.894544
257 350   0.911915  -0.410379
277 237   0.398952  0.916972
357 352   0.632334  -0.774696
450 68   0.493622  -0.869676
336 329   0.570979  0.820964
317 371   0.452103  0.891966
216 258   0.507087  0.861895
472 334   0.414505  -0.910047
343 333   0.914601  0.404358
288 334   0.520243  0.854019
252 404   0.203903  -0.978991
223 226   0.335849  0.941916
177 270   0.711213  0.702977
315 277   0.686065  0.72754
353 319   0.274891  0.961475
309 426   0.948767  -0.315977
426 397   0.738899  -0.673817
262 391   0.535457  0.844562
192 368   0.430953  -0.902374
275 367   0.533523  -0.845786
163 342   0.955572  -0.294757
242 389   0.609622  0.792693
260 237   0.969032  0.246935
168 409   0.0462314  -0.998931
440 430   0.30067  -0.953728
271 219   0.466096  0.884734
351 313   0.481044  0.876697
250 215   0.0252802  0.99968
329 239   0.735942  -0.677045
249 409   0.421979  -0.906606
264 329   0.538516  -0.842615
267 397   0.300457  0.953795
284 396   0.483132  0.875548
65 467   0.50156  0.865123
194 553   0.161144  0.986931
196 239   0.8562  0.516645
315 105   0.225773  0.97418
448 297   0.631141  -0.775668
111 309   0.895377  -0.445308
259 246   0.852935  0.522018
187 254   0.955197  0.295971
348 275   0.997627  -0.0688458
118 306   0.863215  -0.504836
193 276   0.481221  0.876599
300 420   0.3943  0.918982
231 435   0.551506  0.834171
442 301   0.306898  -0.951742
440 424   0.464417  -0.885616
330 230   0.834028  -0.551722
447 39   0.507803  0.861473
336 348   0.823182  0.567778
157 314   0.982601  -0.185731
184 361   0.684927  -0.728612
470 144   0.467827  -0.88382
476 282   0.271426  -0.962459
167 338   0.968521  -0.248933
203 256   0.594662  0.803976
270 328   0.503184  -0.864179
170 427   0.130335  -0.99147
173 318   0.994383  0.105841
180 357   0.829051  -0.559172
218 229   0.532516  0.84642
445 286   0.179224  -0.983808
237 452   0.0193033  -0.999814
344 225   0.813428  -0.581666
161 335   0.999919  -0.0127183
474 249   0.99976  0.0218982
323 555   0.636275  0.771462
264 227   0.643354  0.765569
325 344   0.978314  0.20713
445 507   0.648765  -0.760989
318 334   0.999622  -0.0274841
476 89   0.171029  0.985266
210 226   0.544429  0.838807
380 123   0.436498  -0.899705
303 229   0.612331  -0.790601
401 477   0.091326  0.995821
183 444   0.000952614  -1
129 436   0.754962  0.655768
90 529   0.11332  -0.993559
322 187   0.825325  -0.564657
117 400   0.973896  -0.226996
357 296   0.0698834  -0.997555
103 311   0.983179  0.182646
227 216   0.364278  0.93129
388 219   0.318129  0.948048
318 361   0.61002  0.792386
248 560   0.484243  0.874933
244 231   0.380247  -0.924885
468 37   0.773025  -0.634376
395 574   0.485426  0.874278
108 324   0.668679  -0.743551
282 115   0.202386  0.979306
277 219   0.0538265  0.99855
294 409   0.106174  0.994348
395 457   0.26014  -0.965571
375 185   0.74249  0.669857
335 239   0.737274  -0.675593
442 246   0.366909  0.930257
188 287   0.466192  0.884684
169 261   0.998085  -0.0618616
266 85   0.56641  0.824124
300 103   0.196076  0.980589
206 233   0.617848  0.786298
222 260   0.674358  0.738404
274 566   0.2808  0.959766
148 342   0.325302  0.94561
393 463   0.385899  -0.922541
181 266   0.62981  0.776749
441 406   0.269241  -0.963073
294 217   0.442883  -0.896579
70 464   0.493879  0.86953
446 426   0.430225  -0.902722
457 434   0.0706588  -0.997501
317 202   0.869004  -0.494805
379 271   0.0581557  -0.998308
307 89   0.22468  0.974433
311 225   0.751461  -0.659778
462 403   0.166453  0.986049
228 547   0.675002  -0.737816
202 571   0.474198  0.880418
129 488   0.876101  0.482128
150 284   0.91224  0.409656
297 430   0.995669  -0.0929707
373 328   0.197667  0.980269
328 522   0.0968277  -0.995301
298 87   0.227055  0.973882
238 213   0.183671  0.982988
60 470   0.487177  0.873303
381 36   0.956709  -0.291046
131 262   0.89778  0.440443
214 562   0.125509  0.992093
183 568   0.55497  0.83187
179 332   0.907188  0.420727
438 351   0.367167  -0.930155
456 489   0.342564  -0.939494
221 550   0.886212  0.463279
143 409   0.383287  0.92363
472 308   0.531868  -0.846827
254 396   0.206563  0.978433
395 479   0.457853  0.889028
226 574   0.29272  0.956198
347 20   0.991945  0.126669
442 10   0.314935  -0.949113
193 562   0.0140305  -0.999902
456 331   0.246298  -0.969194
216 69   0.869896  0.493236
476 257   0.424168  -0.905584
362 100   0.954314  -0.298807
121 422   0.801777  0.597623
394 346   0.278283  -0.960499
376 53   0.956145  -0.292893
432 242   0.592158  -0.805822
232 367   0.294313  0.955709
192 249   0.560034  0.828469
266 446   0.0348702  -0.999392
401 576   0.45301  0.891505
237 240   0.983435  -0.181259
275 425   0.113237  0.993568
337 444   0.197562  -0.98029
181 421   0.440073  0.897962
449 119   0.113951  0.993486
347 27   0.997276  0.0737633
372 312   0.409166  0.91246
159 87   0.399494  0.916736
325 397   0.385716  0.922618
102 539   0.989465  0.144775
29 212   0.786897  0.617084
177 352   0.781737  -0.623608
412 124   0.624394  -0.78111
74 313   0.834957  -0.550315
446 432   0.09157  -0.995799
228 257   0.786167  0.618014
293 92   0.0375043  0.999296
3 238   0.69577  0.718265
152 407   0.681329  0.731978
387 478   0.207691  -0.978195
206 545   0.148269  -0.988947
449 49   0.678937  -0.734196
198 392   0.36583  -0.930682
340 221   0.850661  -0.525715
347 261   0.75803  -0.65222
355 483   0.577365  -0.816486
439 230   0.351252  -0.936281
454 234   0.976784  0.214225
285 211   0.630254  -0.776389
229 374   0.0590961  -0.998252
361 311   0.584111  -0.811674
278 104   0.454249  0.890875
425 391   0.998413  0.0563215
456 120   0.232127  0.972686
113 335   0.8442  0.536029
458 107   0.336998  -0.941505
146 422   0.987669  0.156559
244 474   0.642108  0.766614
186 87   0.343749  0.939062
377 363   0.103314  0.994649
351 543   0.693346  0.720605
168 111   0.306375  0.951911
316 303   0.898748  0.438466
430 125   0.00820614  -0.999966
151 438   0.75806  0.652185
267 388   0.608457  0.793587
285 3   0.859428  -0.511256
426 372   0.355134  -0.934815
124 401   0.816021  0.578023
272 4   0.402215  0.915545
393 271   0.153344  -0.988173
423 413   0.418216  -0.908347
456 428   0.187164  -0.982329
180 603   0.601764  0.798674
449 546   0.0751756  -0.99717
21 487   0.887053  0.461667
338 465   0.146879  0.989154
102 520   0.87987  0.475214
347 186   0.429282  0.903171
366 132   0.274648  -0.961545
189 346   0.987531  -0.157423
345 537   0.359936  0.932977
219 395   0.202331  0.979317
269 162   0.59  0.807403
341 279   0.49497  -0.86891
281 419   0.199493  0.979899
332 160   0.413231  -0.910626
45 484   0.632449  0.774602
447 445   0.100506  -0.994936
202 634   0.174819  0.984601
53 209   0.734738  0.678351
432 349   0.110969  -0.993824
134 359   0.846011  0.533166
384 48   0.229071  -0.97341
198 549   0.494762  0.869029
52 476   0.732684  0.680569
385 405   0.217661  -0.976024
448 538   0.566272  -0.824219
227 430   0.0217587  0.999763
216 570   0.919698  0.392626
182 288   0.586558  0.809908
472 465   0.205451  -0.978667
150 312   0.854636  0.519227
141 107   0.363532  0.931581
148 570   0.191498  0.981493
338 545   0.194378  -0.980927
351 327   0.720976  -0.69296
429 497   0.112655  -0.993634
327 190   0.426558  -0.90446
310 412   0.389714  0.920936
236 559   0.049456  0.998776
319 510   0.757029  -0.653381
180 368   0.236591  -0.971609
342 317   0.666408  0.745588
455 461   0.190675  -0.981653
195 506   0.170235  -0.985403
463 436   0.207989  -0.978131
226 558   0.731868  0.681447
293 60   0.421179  0.906978
348 229   0.638072  -0.769977
363 464   0.153703  0.988117
185 380   0.102891  0.994693
292 403   0.197078  0.980388
243 416   0.0255988  0.999672
321 524   0.60093  0.799302
404 319   0.700548  -0.713606
292 195   0.945624  -0.325261
331 181   0.999254  -0.0386297
368 431   0.0927361  0.995691
320 157   0.942323  0.334706
345 170   0.999208  -0.0398035
344 395   0.287848  0.957676
444 352   0.436421  -0.899743
363 297   0.156125  0.987737
452 106   0.281104  -0.959677
364 369   0.204365  0.978895
224 451   0.944165  0.329474
101 278   0.800002  -0.599997
191 441   0.760735  0.649062
360 450   0.113864  -0.993496
467 305   0.479174  -0.87772
40 185   0.634416  0.772991
37 416   0.892588  -0.450872
388 469   0.29942  -0.954121
176 107   0.490359  0.871521
282 581   0.179436  0.98377
91 623   0.872009  -0.48949
455 80   0.164564  -0.986366
467 350   0.453088  -0.891466
136 584   0.548923  0.835873
319 547   0.0497268  0.998763
419 261   0.973122  0.230291
383 16   0.972449  0.233117
73 398   0.923971  0.382461
306 116   0.386796  0.922165
152 445   0.594466  0.804121
237 202   0.0552118  0.998475
398 407   0.618484  -0.785797
262 429   0.272159  -0.962252
324 467   0.322039  -0.946726
425 268   0.266531  -0.963826
378 180   0.936001  0.351996
343 237   0.435868  -0.90001
381 477   0.27523  -0.961378
277 574   0.692849  0.721083
41 492   0.997779  0.0666147
31 441   0.970182  -0.242377
455 337   0.242895  -0.970053
147 357   0.894782  -0.446503
336 366   0.207836  0.978164
461 243   0.943787  -0.330554
288 539   0.685785  0.727804
214 222   0.660708  0.750643
300 212   0.970298  -0.241912
376 8   0.604156  -0.796866
474 419   0.647368  -0.762178
220 577   0.107173  0.99424
346 33   0.98023  -0.197861
222 600   0.807184  0.5903
474 192   0.805052  -0.593205
194 574   0.932442  0.361319
323 381   0.520235  0.854023
150 273   0.897617  -0.440776
262 73   0.217664  0.976024
386 444   0.187748  -0.982217
476 413   0.348532  -0.937297
245 73   0.628608  0.777722
265 590   0.0712804  0.997456
280 281   0.131075  -0.991373
308 77   0.111023  0.993818
436 267   0.174983  0.984571
162 76   0.396321  0.918112
16 505   0.997493  0.0707605
12 73   0.659089  0.752065
388 436   0.754528  -0.656268
161 480   0.235069  0.971979
293 278   0.241596  -0.970377
435 258   0.0504584  -0.998726
167 450   0.466018  0.884775
304 414   0.517371  0.855761
448 31   0.705304  -0.708905
446 106   0.337023  -0.941496
414 224   0.730323  0.683102
432 454   0.127602  -0.991825
420 427   0.0738887  -0.997266
450 353   0.402029  -0.915627
62 480   0.746935  0.664898
259 197   0.135693  -0.990751
248 202   0.75268  -0.658387
417 298   0.265768  -0.964037
364 512   0.212458  -0.97717
449 511   0.488768  -0.872414
157 235   0.999976  -0.00686187
302 503   0.622107  0.782933
332 406   0.121506  0.992591
405 114   0.315034  -0.94908
380 174   0.878582  0.477592
37 481   0.893156  0.449747
433 490   0.516559  -0.856252
109 567   0.00832321  0.999965
14 253   0.799195  0.601072
303 133   0.189862  0.981811
370 527   0.437956  -0.898997
358 259   0.956156  -0.292858
232 253   0.668584  0.743636
18 543   0.951545  0.30751
304 407   0.575439  0.817845
473 353   0.671108  -0.74136
423 496   0.257268  -0.96634
352 233   0.731085  -0.682287
314 84   0.0575286  0.998344
272 87   0.296013  0.955184
89 347   0.999978  0.00656151
296 319   0.653212  -0.757175
409 466   0.207991  -0.978131
339 528   0.300285  0.95385
216 419   0.827534  0.561415
462 409   0.62964  -0.776887
200 107   0.141638  0.989919
317 517   0.232576  0.972578
338 584   0.224563  -0.97446
121 239   0.937356  0.348374
456 390   0.631515  -0.775364
282 82   0.314817  0.949152
371 296   0.241423  0.97042
148 433   0.720579  0.693373
274 536   0.696493  0.717563
431 190   0.821844  -0.569713
26 188   0.599669  -0.800248
429 415   0.196983  -0.980407
365 543   0.225726  -0.974191
196 436   0.511272  0.859419
271 413   0.106934  0.994266
260 525   0.238556  0.971129
404 457   0.27302  -0.962008
168 130   0.56049  0.828161
175 341   0.907009  -0.421111
369 88   0.225072  0.974342
205 587   0.638497  0.769624
192 529   0.530584  0.847632
104 364   0.580415  0.814321
214 398   0.579634  0.814877
180 414   0.358406  0.933566
326 507   0.93211  -0.362176
409 276   0.317955  -0.948106
251 77   0.371744  0.928335
157 249   0.956619  0.291341
411 100   0.312134  -0.950038
365 550   0.505345  -0.862917
239 574   0.680036  0.733178
376 411   0.25208  -0.967707
196 449   0.450085  0.892986
426 579   0.648617  -0.761115
407 37   0.804479  -0.593981
122 522   0.894535  0.446998
171 93   0.595114  0.803642
466 464   0.0523251  -0.99863
358 132   0.10947  0.99399
278 397   0.406605  0.913604
192 225   0.784034  0.620717
166 442   0.255145  0.966903
375 551   0.785032  0.619456
322 168   0.962656  -0.270729
112 132   0.617118  0.78687
228 597   0.129186  0.99162
326 446   0.966184  0.257852
159 414   0.950337  0.311223
38 425   0.932174  0.362011
160 466   0.811383  0.584515
402 364   0.426649  0.904417
463 482   0.775606  -0.631218
409 221   0.626218  0.779648
334 414   0.536812  0.843702
179 579   0.739136  0.673556
82 535   0.975959  0.217952
283 152   0.790335  0.612675
408 348   0.16019  -0.987086
340 354   0.313828  0.94948
67 550   0.231268  0.97289
295 229   0.516686  -0.856175
401 203   0.982652  0.185459
68 635   0.966212  0.257749
476 173   0.982824  -0.184543
99 375   0.85708  -0.515183
380 328   0.503075  0.864242
474 407   0.435864  -0.900012
76 486   0.71327  0.70089
349 52   0.586689  -0.809812
124 100   0.621023  0.783792
229 589   0.219819  0.975541
455 372   0.343507  -0.93915
315 154   0.963677  0.26707
11 106   0.781807  0.62352
429 136   0.13412  0.990965
358 549   0.231458  0.972845
28 297   0.879774  0.475392
446 438   0.0755999  0.997138
387 411   0.067868  -0.997694
185 395   0.532058  0.846708
413 414   0.227879  -0.973689
451 583   0.256853  0.96645
454 454   0.546014  0.837776
17 240   0.438758  0.898605
342 481   0.454122  0.89094
442 269   0.0510978  -0.998694
425 356   0.643841  -0.76516
356 179   0.808814  -0.588065
360 377   0.956508  0.291707
333 215   0.456722  -0.889609
97 136   0.609702  0.792631
232 146   0.997173  0.0751335
169 538   0.620494  0.784211
468 110   0.0474416  -0.998874
41 194   0.53038  0.84776
265 197   0.159285  0.987233
258 61   0.235101  0.971971
441 444   0.110638  -0.993861
444 463   0.227079  0.973876
353 218   0.2345  -0.972116
385 107   0.0329428  0.999457
218 466   0.52289  0.8524
344 466   0.0251159  0.999685
470 392   0.0236107  0.999721
200 468   0.988134  0.153594
297 542   0.956188  0.292754
129 575   0.614562  0.788869
379 110   0.354035  -0.935232
302 559   0.175329  0.98451
138 355   0.590988  0.806681
367 52   0.0476628  -0.998863
18 557   0.909902  0.414823
441 79   0.246798  -0.969067
313 571   0.249279  -0.968432
137 411   0.390205  0.920728
314 565   0.189916  0.9818
253 197   0.0995418  -0.995033
178 633   0.765752  0.643136
424 489   0.12459  0.992208
412 460   0.48237  -0.875967
411 298   0.123203  -0.992381
148 380   0.862004  0.506901
70 212   0.750691  0.660653
338 552   0.412857  0.910796
402 446   0.770861  -0.637003
343 444   0.0192852  0.999814
359 72   0.157799  0.987471
289 79   0.0303374  0.99954
204 76   0.748443  0.663199
25 216   0.72997  0.68348
291 453   0.969443  0.245318
102 139   0.73593  0.677058
455 481   0.0593465  0.998237
270 453   0.793516  0.608549
471 105   0.271976  -0.962304
34 369   0.966929  0.255044
461 306   0.292692  -0.956207
158 564   0.630574  0.776129
256 590   0.353049  0.935605
276 513   0.395945  -0.918274
342 560   0.0741613  0.997246
383 599   0.802199  -0.597057
203 102   0.33126  0.94354
189 93   0.613468  0.789719
343 568   0.0463921  -0.998923
302 78   0.38889  0.921284
391 188   0.982078  0.188476
382 89   0.2134  -0.976965
400 584   0.939106  -0.343627
476 389   0.556902  -0.830578
427 434   0.223634  0.974673
426 427   0.103163  -0.994664
430 333   0.429038  -0.903286
46 475   0.852836  0.522178
130 287   0.171096  0.985254
3 264   0.784412  0.620241
352 34   0.931213  -0.364476
334 187   0.988884  -0.148689
31 359   0.954114  0.299442
220 473   0.157032  0.987593
79 540   0.904174  0.427165
255 92   0.373725  0.92754
373 437   0.283946  0.95884
350 211   0.557973  -0.829859
293 151   0.997386  0.072262
401 90   0.468414  -0.883509
312 5   0.972431  0.23319
345 363   0.869977  0.493092
474 223   0.685248  0.72831
415 3   0.970367  -0.241637
78 627   0.887438  -0.460926
192 42   0.257094  -0.966386
274 209   0.152301  0.988334
202 221   0.82418  0.566328
214 541   0.797335  0.603537
297 134   0.0574932  0.998346
431 356   0.225329  -0.974283
214 6   0.281012  0.959704
31 151   0.621113  0.783721
134 389   0.866958  0.498381
41 162   0.734374  0.678744
116 3   0.627182  0.778873
308 566   0.484577  0.874749
42 226   0.743212  0.669056
338 397   0.146554  0.989203
425 587   0.218668  -0.975799
401 78   0.603539  -0.797334
352 44   0.999901  -0.0140523
476 459   0.231007  -0.972952
58 230   0.921576  0.388197
191 82   0.0203753  0.999792
37 343   0.986325  0.164813
136 567   0.438752  0.898608
314 216   0.930138  0.367209
191 597   0.98262  0.185629
54 328   0.854847  0.51888
354 3   0.999959  -0.00908747
308 581   0.0126582  -0.99992
313 72   0.00603619  0.999982
179 572   0.449834  0.893112
423 348   0.124222  -0.992254
316 59   0.191189  0.981553
50 116   0.996967  -0.0778229
375 280   0.359178  -0.933269
4 221   0.649798  -0.760107
140 390   0.686749  0.726894
121 311   0.978447  -0.206499
103 330   0.822115  -0.569321
406 618   0.439436  -0.898274
376 150   0.719124  -0.694881
436 368   0.37263  -0.92798
407 187   0.294485  0.955656
109 524   0.964511  0.264043
250 505   0.527032  0.849846
349 425   0.301365  -0.953509
263 205   0.150453  0.988617
176 484   0.174698  0.984622
135 573   0.668527  0.743688
428 277   0.0180294  0.999837
326 408   0.255701  0.966756
89 393   0.808873  0.587984
437 470   0.367635  -0.92997
139 613   0.851498  0.524357
430 184   0.980011  -0.198943
229 448   0.679864  0.733339
17 499   0.997152  0.0754187
433 109   0.132386  -0.991198
56 178   0.443349  0.896349
145 617   0.625416  0.780292
111 372   0.979127  0.203247
427 442   0.176577  -0.984287
176 495   0.548799  0.835954
306 222   0.724566  -0.689206
389 418   0.336363  -0.941732
287 418   0.180979  0.983487
276 583   0.594241  0.804287
452 468   0.863938  -0.503597
276 126   0.570598  0.82123
221 203   0.239012  0.971017
18 249   0.886054  0.463581
35 430   0.70935  0.704857
298 65   0.263011  0.964793
42 635   0.926211  0.377004
58 484   0.654825  0.75578
88 468   0.13945  0.990229
446 418   0.196237  -0.980557
72 284   0.366314  -0.930491
18 492   0.891213  0.453586
374 430   0.140761  -0.990044
324 480   0.447534  0.894267
408 76   0.155406  -0.987851
365 401   0.16393  -0.986472
156 58   0.402887  -0.91525
295 523   0.783158  0.621823
303 611   0.10441  0.994534
359 636   0.133261  0.991081
460 367   0.311292  -0.950314
449 369   0.265679  -0.964062
350 394   0.350823  0.936442
268 72   0.42095  0.907084
185 636   0.98755  -0.157308
298 404   0.211061  0.977473
285 517   0.458206  0.888846
146 104   0.458332  0.888781
343 8   0.919228  0.393726
353 553   0.514906  0.857246
3 123   0.798866  0.601509
178 596   0.721015  0.69292
221 440   0.377478  0.926018
468 374   0.146456  -0.989217
313 176   0.817836  -0.575452
235 532   0.0219725  0.999759
233 85   0.424728  0.905321
430 632   0.175985  0.984393
137 286   0.348524  -0.9373
220 585   0.410731  0.911756
154 551   0.648332  0.761358
216 508   0.613839  -0.789431
399 168   0.20204  -0.979377
77 159   0.554337  -0.832293
127 547   0.94487  0.327446
470 99   0.0961642  0.995366
59 505   0.860682  0.509142
431 163   0.881962  -0.47132
391 407   0.0386002  -0.999255
462 166   0.233694  -0.97231
474 370   0.657856  -0.753144
364 536   0.566229  0.824248
441 450   0.65774  -0.753245
46 468   0.723876  0.68993
418 612   0.298786  -0.95432
435 79   0.354158  -0.935186
439 484   0.403717  -0.914884
76 340   0.722811  -0.691046
27 568   0.895555  0.44495
404 438   0.238832  0.971061
245 534   0.428005  0.903777
438 510   0.543186  -0.839612
311 169   0.998764  -0.0497108
455 547   0.0273151  -0.999627
202 462   0.943719  0.330748
174 575   0.780585  0.625049
130 595   0.653407  0.757007
87 497   0.377328  0.92608
253 113   0.37717  0.926144
467 432   0.381604  -0.924326
443 214   0.593996  -0.804468
439 438   0.25086  -0.968023
242 62   0.212572  0.977145
462 491   0.0872749  0.996184
339 127   0.919326  0.393498
166 161   0.57031  0.821429
474 593   0.0824199  -0.996598
405 234   0.888843  0.458212
92 485   0.462858  -0.886432
453 348   0.314558  -0.949238
52 239   0.693069  0.720871
127 226   0.968439  0.24925
23 286   0.755188  0.655508
239 140   0.226033  0.97412
211 412   0.629966  0.776623
171 544   0.965337  0.261005
293 606   0.00454221  -0.99999
380 255   0.278418  0.96046
285 47   0.0880338  -0.996117
19 404   0.76527  0.643709
274 595   0.475669  0.879624
222 404   0.269079  0.963118
84 16   0.347959  0.93751
461 374   0.0204707  -0.99979
341 78   0.343275  0.939235
222 68   0.50742  0.861699
74 509   0.876225  0.481902
173 559   0.30949  0.950903
260 563   0.451752  0.892144
428 468   0.335326  -0.942102
435 446   0.243557  -0.969887
181 499   0.62154  0.783383
378 529   0.0412478  0.999149
118 588   0.469389  0.882991
139 478   0.838379  0.545088
413 447   0.33719  0.941437
13 476   0.755222  0.655469
445 332   0.479496  -0.877544
163 609   0.901569  0.432635
310 209   0.669358  -0.74294
77 503   0.738708  0.674025
106 32   0.773675  0.633582
80 352   0.569025  0.82232
67 516   0.985647  -0.168821
466 563   0.344373  -0.938833
187 574   0.429508  0.903063
4 523   0.898184  0.439621
367 181   0.281391  -0.959593
5 63   0.641148  0.767417
412 389   0.988635  -0.150337
457 595   0.182104  0.983279
6 233   0.862066  0.506795
462 321   0.314723  -0.949184
276 466   0.755596  0.655038
448 473   0.230541  -0.973063
277 558   0.429084  -0.903265
391 591   0.687891  -0.725814
317 34   0.671861  0.740677
164 541   0.70886  0.70535
282 598   0.512513  0.85868
18 161   0.73309  0.680132
465 221   0.860651  -0.509195
389 393   0.483916  -0.875115
240 108   0.0890801  0.996024
402 515   0.402629  -0.915363
213 133   0.3651  0.930968
53 233   0.631763  0.775162
240 95   0.609332  0.792915
472 153   0.8619  -0.507079
134 446   0.80976  0.586762
416 453   0.0958436  -0.995396
88 556   0.310527  -0.950565
366 505   0.23359  -0.972335
447 4   0.362156  -0.932118
404 382   0.312226  -0.950008
476 500   0.164288  0.986412
454 538   0.291993  -0.956421
454 521   0.943017  -0.332744
352 115   0.0456416  0.998958
186 531   0.277983  0.960586
331 98   0.0931839  0.995649
80 583   0.0627488  0.998029
325 74   0.247505  0.968887
408 303   0.733068  -0.680155
55 376   0.931211  0.36448
12 337   0.792279  0.610159
406 544   0.411509  0.911406
463 195   0.993427  -0.114465
23 481   0.826107  0.563514
14 561   0.725135  0.688607
414 141   0.157155  -0.987574
8 494   0.948728  0.316094
181 90   0.540257  0.8415
121 7   0.421113  0.907008
162 132   0.284367  0.958716
394 412   0.040519  0.999179
39 498   0.98461  0.174768
144 376   0.551832  0.833955
154 432   0.442172  0.89693
168 223   0.162848  -0.986651
424 337   0.155464  -0.987842
214 475   0.104302  -0.994546
409 636   0.28901  -0.957326
136 146   0.551991  0.83385
135 528   0.784867  0.619664
229 3   0.543058  0.839695
137 400   0.856289  0.516498
429 597   0.411239  -0.911528
20 381   0.632906  -0.774229
64 539   0.627747  -0.778417
4 12   0.619741  0.784807
8 352   0.872199  0.48915
8 449   0.903769  0.42802
67 509   0.939781  0.341776
363 457   0.340626  0.940199
80 472   0.271947  -0.962312
208 532   0.697016  -0.717055
463 596   0.247913  0.968782
402 197   0.984159  -0.17729
204 600   0.0399453  -0.999202
7 416   0.700192  0.713955
473 426   0.311037  -0.950398
408 328   0.992178  -0.12483
96 545   0.550826  0.83462
333 384   0.490227  0.871595
120 247   0.940018  -0.341125
419 518   0.3733  -0.927711
287 457   0.83994  0.54268
376 348   0.154927  -0.987926
447 346   0.0584991  0.998287
82 524   0.719082  -0.694926
74 528   0.502561  -0.864542
11 327   0.965565  0.260164
440 107   0.399694  -0.916649
369 462   0.245472  0.969404
316 66   0.0810843  0.996707
182 436   0.917146  -0.398552
408 420   0.535326  -0.844646
217 101   0.384372  0.923178
45 190   0.661455  0.749985
227 581   0.830167  0.557514
81 324   0.946141  0.323754
13 548   0.518125  0.855305
184 115   0.197173  0.980369
297 181   0.696862  -0.717205
358 163   0.90729  -0.420505
476 567   0.378316  0.925677
362 622   0.481752  -0.876308
439 174   0.546417  -0.837513
160 507   0.838312  0.545191
346 501   0.943343  -0.33182
142 99   0.420207  0.907428
273 148   0.284431  0.958697
400 544   0.432558  -0.901606
410 438   0.0951423  -0.995464
270 51   0.160302  0.987068
369 376   0.751597  0.659623
134 177   0.811976  0.583691
238 413   0.616673  -0.78722
315 147   0.998862  0.0477009
82 500   0.279836  0.960048
473 377   0.373766  -0.927523
158 539   0.658371  0.752694
29 518   0.830545  0.556952
444 412   0.231998  -0.972716
349 156   0.993169  -0.116681
18 275   0.635384  0.772196
408 507   0.0776162  0.996983
375 491   0.494361  0.869257
38 92   0.466105  0.884729
7 570   0.986161  0.165789
220 5   0.647609  0.761973
98 506   0.951046  0.309051
437 193   0.282224  -0.959349
177 563   0.557776  0.829992
42 545   0.751793  -0.6594
165 476   0.506404  0.862296
415 486   0.236108  -0.971727
296 459   0.500339  0.86583
20 317   0.684864  0.728671
428 421   0.15431  -0.988023
174 245   0.0444588  -0.999011
400 616   0.263731  -0.964596
18 71   0.707059  0.707154
232 169   0.980031  0.198845
366 567   0.501247  0.865304
371 174   0.972652  -0.232266
279 592   0.220619  0.97536
16 345   0.780125  0.625623
412 364   0.472448  -0.881359
126 528   0.73888  0.673837
249 182   0.546148  0.837689
23 6   0.684258  -0.72924
393 613   0.906058  -0.423154
307 19   0.651587  0.758574
48 171   0.615653  0.788017
400 426   0.010382  0.999946
58 519   0.950296  -0.311347
124 159   0.401729  0.915759
335 176   0.969752  0.244091
63 501   0.432299  0.901731
452 420   0.326866  -0.945071
226 78   0.308594  0.951194
439 528   0.637949  -0.770079
146 391   0.595253  0.803538
327 486   0.191037  0.981583
336 231   0.785858  -0.618407
474 447   0.630815  -0.775934
465 526   0.151346  -0.988481
62 490   0.712973  0.701191
181 103   0.378582  0.925568
206 629   0.0343574  0.99941
438 86   0.653572  -0.756865
220 115   0.153238  0.988189
290 226   0.49901  -0.866596
455 532   0.138406  -0.990376
433 535   0.116823  -0.993153
19 462   0.836035  0.548676
332 480   0.480452  -0.877021
456 563   0.28796  -0.957643
132 634   0.915897  -0.401412
248 120   0.0178895  0.99984
423 474   0.493724  -0.869619
170 567   0.83222  0.554445
140 306   0.992251  -0.124246
427 366   0.552055  -0.833808
155 480   0.0154188  0.999881
454 554   0.0384976  -0.999259
239 86   0.28227  0.959335
348 561   0.105874  -0.99438
423 596   0.286927  0.957952
59 632   0.774792  0.632216
48 230   0.716866  0.697211
25 420   0.851556  -0.524264
315 40   0.848463  0.529254
400 346   0.048196  -0.998838
410 499   0.15607  0.987746
343 139   0.412834  -0.910806
359 7   0.781449  -0.623969
329 121   0.535047  0.844822
236 131   0.414844  0.909892
12 530   0.931744  0.363117
305 592   0.403929  -0.91479
46 222   0.830612  0.556852
347 627   0.16242  0.986722
134 590   0.599529  0.800353
251 593   0.471281  0.881983
301 165   0.769221  0.638982
204 528   0.663843  -0.747872
223 145   0.562075  0.827086
291 593   0.238504  0.971142
377 561   0.21002  -0.977697
444 165   0.0270624  -0.999634
245 102   0.423006  0.906127
210 503   0.623696  -0.781667
460 540   0.356848  -0.934162
48 202   0.406751  0.913539
49 122   0.99759  0.0693889
406 401   0.394259  -0.918999
27 375   0.671607  0.740907
462 328   0.394932  -0.91871
165 590   0.54996  0.835191
319 476   0.018499  0.999829
414 105   0.0219833  0.999758
411 479   0.666095  -0.745867
285 590   0.520869  0.853637
86 388   0.924415  0.381388
115 413   0.397267  0.917703
463 386   0.456195  -0.88988
460 554   0.283861  -0.958865
367 601   0.799847  -0.600204
443 380   0.707609  -0.706604
129 555   0.485887  0.874022
344 386   0.325061  0.945693
46 18   0.621928  0.783075
365 380   0.777913  0.628372
350 567   0.527641  0.849467
45 182   0.649417  0.760432
402 499   0.228761  0.973482
159 220   0.791056  -0.611744
365 470   0.13257  0.991174
126 220   0.973268  0.229673
257 129   0.30962  0.95086
411 283   0.213579  0.976926
388 498   0.739484  -0.673174
457 257   0.167722  -0.985834
214 139   0.685542  0.728034
33 35   0.720859  0.693081
56 71   0.872051  0.489414
419 325   0.340968  -0.940075
355 418   0.257663  -0.966235
138 88   0.479852  0.87735
150 216   0.628634  0.777701
323 52   0.998839  -0.0481775
353 626   0.722124  0.691764
216 409   0.773601  0.633673
55 25   0.360361  0.932813
12 168   0.0138946  0.999903
372 146   0.756862  -0.653575
420 368   0.229575  0.973291
384 577   0.962369  0.271745
196 121   0.616416  0.787421
54 316   0.999995  -0.00325641
384 299   0.0166481  -0.999861
242 50   0.00915704  -0.999958
4 629   0.89018  0.455609
53 465   0.601886  0.798582
357 574   0.447094  -0.894487
398 318   0.257404  -0.966304
143 504   0.999947  0.0103432
326 391   0.86323  0.504811
403 158   0.11761  -0.99306
422 319   0.236674  -0.971589
414 95   0.146427  -0.989221
217 30   0.995118  -0.0986891
86 504   0.502222  0.864739
332 493   0.149818  0.988714
140 48   0.307143  0.951663
461 534   0.00157169  -0.999999
63 415   0.98724  0.159237
338 490   0.246087  -0.969248
331 135   0.0532445  0.998582
267 596   0.464049  0.88581
11 444   0.721464  0.692451
178 115   0.38158  0.924336
349 443   0.0653996  -0.997859
124 261   0.884462  0.466612
81 204   0.608756  0.793358
23 610   0.949122  0.314907
437 624   0.502409  -0.86463
37 364   0.99828  0.0586344
418 459   0.383523  -0.923531
38 47   0.687063  0.726598
436 634   0.516463  -0.85631
372 592   0.438515  0.898724
106 84   0.96893  0.247336
92 179   0.345695  0.938347
220 106   0.159437  0.987208
279 491   0.564465  0.825457
141 3   0.590897  0.806747
247 170   0.000414365  1
335 140   0.235781  0.971806
394 491   0.00908056  -0.999959
373 574   0.0334053  0.999442
47 256   0.648512  0.761204
80 92   0.89711  -0.441807
163 557   0.971507  0.237011
41 520   0.935629  0.352986
464 624   0.272359  -0.962196
266 629   0.772689  0.634785
451 576   0.116637  -0.993175
181 537   0.726039  0.687654
243 503   0.125531  -0.99209
153 135   0.0473942  0.998876
3 386   0.718841  0.695174
123 631   0.97246  -0.233072
18 306   0.647522  0.762047
118 621   0.477591  0.878582
422 510   0.0591134  0.998251
119 40   0.519955  0.854194
70 349   0.976846  0.213943
475 213   0.977278  -0.211963
339 198   0.252233  -0.967667
8 577   0.739659  0.672982
397 549   0.34567  -0.938356
458 612   0.108938  0.994049
138 161   0.565499  0.824749
92 288   0.970174  -0.24241
399 494   0.280371  -0.959892
90 492   0.462389  0.886677
189 7   0.699503  0.714629
146 198   0.705907  0.708304
476 544   0.0306362  0.999531
112 175   0.601611  0.79879
8 58   0.619399  0.785076
31 291   0.573691  0.819072
169 21   0.8297  -0.55821
416 508   0.51502  -0.857178
206 158   0.542671  0.839945
166 520   0.984031  -0.177999
383 392   0.202727  -0.979235
81 29   0.623322  0.781966
27 474   0.936681  0.350185
334 486   0.149694  0.988732
75 196   0.560935  0.82786
249 5   0.383676  0.923468
414 515   0.0819831  -0.996634
93 86   0.921223  0.389034
56 351   0.754091  0.656769
51 298   0.712763  0.701405
35 100   0.988578  0.150707
25 84   0.541802  0.840506
226 164   0.359202  -0.93326
256 626   0.557025  0.830496
424 631   0.174448  -0.984666
471 497   0.0894296  -0.995993
191 15   0.592216  0.805779
279 626   0.999449  0.0332045
434 605   0.0719626  -0.997407
59 495   0.915826  0.401576
10 481   0.939175  0.343438
399 562   0.377678  0.925937
424 311   0.216062  -0.97638
408 515   0.0306612  -0.99953
10 488   0.991274  0.13182
329 144   0.604545  0.796571
76 367   0.711656  0.702528
30 342   0.648326  0.761363
457 621   0.325286  -0.945616
19 86   0.702191  0.711988
404 627   0.720419  0.693539
30 78   0.552508  0.833508
475 628   0.750503  -0.660868
206 201   0.137352  0.990522
109 636   0.932115  0.362162
29 609   0.985891  -0.167387
141 629   0.994547  0.104294
7 518   0.863922  0.503625
419 502   0.520145  -0.854078
350 607   0.0778859  -0.996962
32 219   0.742566  0.669773
30 285   0.581255  0.813722
106 48   0.993088  -0.117369
134 171   0.984536  0.175185
150 172   0.32107  0.947055
75 81   0.586063  -0.810265
302 552   0.436902  0.899509
51 74   0.836789  0.547526
403 485   0.254144  0.967166
381 506   0.177493  0.984122
36 287   0.451209  0.892418
41 526   0.975621  0.219465
60 426   0.703056  0.711135
368 636   0.751674  0.659535
203 123   0.659382  0.751808
4 600   0.711221  0.702969
412 608   0.273979  -0.961736
145 555   0.64015  0.76825
114 43   0.424369  0.905489
463 615   0.475098  -0.879933
21 19   0.565835  0.824518
169 632   0.828334  -0.560234
54 636   0.864695  0.502298
31 579   0.843486  0.537152
26 117   0.378276  0.925693
49 514   0.999888  -0.0149553
242 611   0.646776  0.76268
93 111   0.0265976  0.999646
470 633   0.25049  -0.968119
207 180   0.0861854  0.996279
35 81   0.845458  0.534041
155 146   0.685455  0.728115
3 620   0.758236  0.65198
107 505   0.786006  0.618219
397 380   0.0743409  0.997233
48 634   0.874048  0.485839
128 561   0.3974  0.917645
381 490   0.160847  0.986979
349 598   0.544654  -0.838661
437 564   0.404714  -0.914443
19 113   0.873657  0.486542
60 3   0.606841  0.794823
65 423   0.646574  0.762852
173 32   0.967959  0.251109
233 509   0.410775  0.911737
40 514   0.998406  -0.0564413
119 201   0.838892  0.544298
227 511   0.507826  0.86146
411 169   0.915051  0.403339
373 610   0.831832  -0.555028
476 486   0.256558  -0.966529
456
2
324 326   0.938986  -0.343955
332 314   0.190386  0.981709
246 368   0.455758  0.890104
320 232   0.597435  -0.801918
272 228   0.515787  0.856717
246 274   0.524935  0.851142
314 376   0.613472  0.789717
222 376   0.406638  -0.913589
188 328   0.990442  0.137931
272 268   0.773078  -0.634311
302 272   0.801508  -0.597984
308 386   0.946747  0.321979
350 288   0.978887  -0.204401
326 338   0.990304  -0.138914
316 384   0.922783  0.385319
244 442   0.574887  -0.818233
326 226   0.770163  -0.637847
344 306   0.781071  0.624443
228 366   0.0387174  0.99925
348 280   0.926602  -0.376043
238 364   0.454841  0.890573
264 232   0.642661  0.76615
410 582   0.973629  -0.228138
282 354   0.719547  0.694444
228 246   0.343708  0.939077
326 238   0.838745  -0.544525
280 226   0.225362  0.974275
254 354   0.827944  -0.560811
288 392   0.653108  0.757265
312 228   0.849787  -0.527126
216 278   0.743088  0.669193
206 254   0.50944  0.860506
222 240   0.6598  0.751441
314 304   0.958746  0.284264
328 252   0.451668  -0.892186
112 310   0.93113  -0.364688
254 404   0.363606  -0.931553
194 552   0.240558  0.970635
178 268   0.682819  0.730587
90 528   0.0776141  -0.996983
324 350   0.937226  0.348724
224 226   0.307784  0.951456
344 224   0.829098  -0.559103
282 370   0.134472  -0.990917
274 368   0.417645  -0.90861
442 426   0.461453  -0.887165
468 38   0.583272  -0.812277
194 274   0.451674  0.892183
164 342   0.941902  -0.335889
354 318   0.326215  0.945296
238 220   0.0448576  0.998993
334 238   0.706102  -0.70811
398 478   0.279067  0.960272
168 410   0.0060715  -0.999982
172 320   0.999409  0.0343873
450 68   0.496555  -0.868006
446 508   0.596999  -0.802242
186 254   0.968358  0.249567
66 466   0.526383  0.850248
206 546   0.0761062  -0.9971
376 58   0.933437  -0.358742
348 28   0.995839  -0.0911272
386 130   0.719324  -0.694675
472 332   0.271813  -0.96235
160 334   0.993583  -0.113106
174 348   0.954104  -0.299477
312 362   0.668506  0.743706
298 430   0.998076  -0.0620035
198 242   0.743812  0.668389
130 266   0.829199  0.558954
446 286   0.150623  -0.988591
316 202   0.885883  -0.463908
264 392   0.511533  0.859264
394 458   0.257159  -0.966369
358 298   0.0402045  -0.999191
216 228   0.527545  0.849527
348 20   0.989677  0.143317
350 230   0.668494  -0.743717
446 120   0.144704  -0.989475
252 214   0.182374  0.983229
442 302   0.309056  -0.951044
182 360   0.769999  -0.638045
472 308   0.638726  -0.769434
250 412   0.477492  -0.878636
180 332   0.964812  0.26294
456 488   0.288874  -0.957367
214 560   0.00644974  0.999979
458 434   0.136951  -0.990578
380 122   0.5213  -0.853374
436 350   0.398588  -0.91713
298 418   0.426862  0.904317
258 238   0.945703  0.325031
436 432   0.397512  -0.917597
350 544   0.696495  0.717561
282 580   0.240839  0.970565
362 100   0.940935  -0.338588
292 216   0.50205  -0.864839
372 6   0.806927  -0.590651
294 408   0.0561759  0.998421
24 226   0.999864  -0.0164797
328 524   0.0248333  0.999692
332 182   0.996181  -0.0873128
102 520   0.889288  0.457347
386 478   0.204547  -0.978857
208 228   0.554729  0.832031
134 358   0.815822  0.578303
450 426   0.143134  -0.989703
382 36   0.931999  -0.36246
338 444   0.125352  -0.992112
214 236   0.865836  0.500328
264 588   0.00498559  0.999988
102 540   0.980055  0.198728
138 284   0.342609  -0.939478
324 558   0.504165  0.863608
470 148   0.569152  -0.822232
444 352   0.489159  -0.872195
140 410   0.348944  0.937144
100 310   0.998406  0.0564345
338 218   0.787797  -0.615934
216 68   0.911442  0.411428
472 464   0.21707  -0.976156
428 300   0.643236  -0.765668
428 496   0.134315  -0.990939
256 196   0.108586  -0.994087
450 546   0.101202  -0.994866
336 544   0.220652  -0.975353
350 36   0.964016  -0.265843
256 396   0.142663  0.989771
380 270   0.0122369  0.999925
376 364   0.108943  0.994048
258 246   0.783666  0.621183
342 236   0.424455  -0.905449
368 430   0.0842167  -0.996447
338 466   0.208588  0.978004
456 332   0.328076  -0.944651
464 304   0.476524  -0.879161
308 412   0.560592  0.828092
188 346   0.97638  -0.216059
412 124   0.667759  -0.744377
106 326   0.685912  -0.727685
470 352   0.558466  -0.829527
238 202   0.146884  0.989154
382 16   0.95882  0.284016
344 394   0.301731  0.953393
80 536   0.961606  0.274432
330 158   0.538627  -0.842544
320 360   0.670465  0.741941
6 236   0.79628  0.604929
200 466   0.975799  0.218669
448 76   0.250701  -0.968065
402 458   0.248  -0.96876
428 350   0.0634911  -0.997982
58 470   0.616216  0.787577
268 444   0.109346  -0.994004
256 590   0.292121  0.956381
388 464   0.301001  -0.953624
154 256   0.959795  0.280702
146 436   0.773335  0.633997
364 512   0.245808  -0.969319
182 420   0.397054  0.917795
362 464   0.011488  -0.999934
448 538   0.49781  -0.867286
366 544   0.243078  -0.970007
456 106   0.484745  -0.874656
350 52   0.654368  -0.756176
372 296   0.263649  0.964619
396 346   0.224396  -0.974498
160 480   0.188001  0.982169
32 442   0.960422  -0.278548
386 406   0.205101  -0.978741
298 86   0.298198  0.954504
264 198   0.0624995  0.998045
184 568   0.556613  0.830772
472 90   0.117188  0.99311
102 280   0.66716  -0.744915
324 468   0.328749  -0.944417
458 462   0.186825  -0.982393
284 212   0.665429  -0.746461
446 444   0.111855  -0.993725
304 134   0.231805  0.972762
416 298   0.23908  -0.971
6 220   0.631181  -0.775636
358 258   0.951543  -0.307514
344 10   0.880066  0.474851
348 262   0.741081  -0.671415
452 584   0.126163  0.99201
350 212   0.554212  -0.832376
50 116   0.998071  -0.0620856
280 418   0.193116  0.981176
452 354   0.385186  -0.922839
356 550   0.361039  0.932551
440 78   0.382388  -0.924002
232 532   0.04951  -0.998774
260 428   0.181341  -0.98342
68 550   0.197208  0.980362
410 460   0.432988  -0.9014
358 180   0.698559  -0.715552
178 602   0.637488  0.77046
192 530   0.510696  0.859761
344 568   0.053141  0.998587
360 450   0.0715632  -0.997436
76 158   0.595117  -0.803639
448 106   0.41323  -0.910627
180 578   0.638299  0.769789
322 170   0.987988  -0.154529
386 444   0.233984  -0.97224
26 188   0.53267  -0.846323
16 410   0.903154  -0.429316
132 258   0.949277  0.314442
398 406   0.580985  -0.813914
134 442   0.601138  0.799145
274 584   0.596564  0.802566
202 458   0.898404  0.43917
316 36   0.702965  0.711225
214 398   0.56046  0.828181
34 366   0.999877  0.0156707
374 528   0.171122  -0.98525
226 218   0.483193  0.875514
318 158   0.93064  0.365937
402 244   0.913909  -0.405918
120 238   0.937619  0.347665
220 600   0.774665  0.632372
20 488   0.855063  0.518524
70 284   0.514484  -0.8575
380 28   0.902766  -0.430131
28 214   0.826128  0.563483
454 372   0.310655  -0.950523
410 36   0.699863  -0.714277
430 188   0.883032  -0.469312
104 364   0.694126  0.719853
402 198   0.992586  -0.121546
428 370   0.469031  -0.883182
96 96   0.794701  -0.607001
122 522   0.864579  0.502497
168 538   0.656042  0.754725
422 428   0.143953  -0.989585
148 272   0.878445  -0.477844
304 558   0.271196  0.962524
152 282   0.956188  0.292753
126 226   0.973153  0.230158
40 494   0.999967  0.00809203
426 588   0.0863312  -0.996266
36 56   0.997628  0.0688398
424 488   0.072895  0.99734
16 250   0.898344  0.439292
416 6   0.987575  -0.157147
32 358   0.983265  0.182183
290 416   0.231054  0.972941
460 596   0.25941  0.965767
70 136   0.999979  0.00646108
424 414   0.384103  -0.92329
404 618   0.41847  -0.908231
342 560   0.0499151  0.998753
426 578   0.624471  -0.781048
52 476   0.706846  0.707367
228 590   0.223175  0.974778
444 268   0.0766972  0.997054
86 496   0.318202  0.948023
222 440   0.432872  0.901456
6 84   0.969691  -0.244333
62 482   0.704156  0.710046
312 6   0.970864  0.23963
230 204   0.203534  0.979068
456 540   0.43487  -0.900493
436 488   0.520037  -0.854144
244 74   0.73238  0.680896
14 72   0.734792  0.678293
60 502   0.68834  0.725389
168 130   0.591186  0.806535
436 368   0.431452  -0.902136
214 170   0.955233  -0.295854
462 368   0.274482  -0.961592
30 374   0.670343  0.742051
74 464   0.598732  0.80095
412 618   0.266001  -0.963973
86 8   0.999659  0.0261046
212 412   0.691088  0.722771
324 480   0.371506  0.92843
430 632   0.0700197  0.997546
294 524   0.743775  0.66843
192 226   0.795554  0.605883
168 222   0.218114  -0.975923
164 74   0.539312  0.842106
20 382   0.522546  -0.852611
434 468   0.373283  -0.927717
336 174   0.977653  0.210226
100 374   0.906672  -0.421836
214 506   0.623791  -0.781591
408 438   0.0196214  0.999807
458 388   0.62496  -0.780657
408 544   0.426608  0.904437
58 516   0.935058  -0.354495
16 502   0.999877  -0.0157067
146 616   0.629968  0.776621
308 20   0.62715  0.778899
74 54   0.65039  -0.759601
316 150   0.99134  0.131324
136 566   0.434135  0.900848
366 180   0.343866  -0.939019
68 212   0.712545  0.701626
380 110   0.347058  -0.937844
406 348   0.115521  -0.993305
216 6   0.521923  0.852992
358 60   0.138358  -0.990382
296 134   0.123151  0.992388
416 610   0.24276  -0.970086
18 558   0.862021  0.506873
158 58   0.470163  -0.882579
276 592   0.371351  0.928493
38 480   0.888125  0.459601
132 632   0.951183  -0.308627
66 510   0.972932  0.231091
162 608   0.876858  0.480749
466 430   0.469864  -0.882739
156 564   0.54389  0.839157
468 374   0.170403  -0.985374
110 516   0.881307  0.472544
24 6   0.678043  -0.735022
132 574   0.609598  0.792711
90 392   0.743754  0.668454
440 172   0.54916  -0.835717
448 594   0.651859  -0.758341
10 106   0.811127  0.584871
178 496   0.574241  0.818687
312 170   0.99113  -0.132896
352 394   0.373544  0.927612
458 548   0.114706  -0.9934
338 80   0.68476  0.728769
192 42   0.260847  -0.96538
142 108   0.328389  0.944543
388 392   0.41124  -0.911527
430 362   0.589965  -0.807429
432 414   0.160937  -0.986965
282 598   0.490073  0.871681
54 376   0.927328  0.37425
466 564   0.416151  -0.909295
132 592   0.642635  0.766173
260 28   0.892509  -0.45103
462 220   0.842232  -0.539115
344 138   0.401996  -0.915642
174 566   0.654668  0.755916
366 378   0.754779  0.65598
72 528   0.653374  -0.757036
68 596   0.968436  -0.249263
114 414   0.36923  0.929338
426 468   0.385082  -0.922882
430 596   0.278556  -0.96042
150 62   0.755555  -0.655086
76 506   0.81571  0.578461
458 562   0.220594  -0.975366
364 400   0.163617  -0.986524
84 596   0.72593  -0.687769
116 624   0.30292  0.953016
406 148   0.879566  -0.475777
142 394   0.606515  0.795072
266 72   0.433571  0.901119
174 202   0.954237  -0.299052
220 162   0.642299  -0.766454
84 176   0.941287  0.337607
408 506   0.00859486  -0.999963
356 130   0.0292339  -0.999573
350 422   0.342536  -0.939505
454 520   0.953766  -0.300549
66 534   0.721365  -0.692555
180 174   0.845697  -0.533663
12 92   0.994712  -0.102707
334 478   0.397014  -0.917812
92 402   0.267144  0.963657
334 384   0.541261  0.840854
442 142   0.223854  0.974623
418 516   0.281849  -0.959459
160 542   0.707393  0.706821
208 530   0.669412  -0.742891
186 498   0.619259  0.785187
106 92   0.994895  -0.100914
60 490   0.715348  0.698769
56 72   0.886117  0.463462
66 518   0.989946  -0.141449
248 12   0.038753  -0.999249
274 600   0.498127  0.867104
332 492   0.0851992  0.996364
124 218   0.989046  0.147605
406 514   0.204481  -0.978871
462 322   0.41122  -0.911536
92 72   0.854255  0.519855
80 354   0.516622  0.856213
38 162   0.833301  0.552819
44 226   0.845328  0.534248
462 494   0.0415815  0.999135
304 76   0.429407  0.903111
12 350   0.819575  0.572972
472 498   0.0553677  0.998466
44 184   0.729965  0.683484
434 210   0.57295  -0.81959
232 170   0.987112  0.160031
156 132   0.218069  -0.975933
416 508   0.375993  -0.926623
128 528   0.68522  0.728336
462 534   0.00979217  0.999952
402 382   0.273767  -0.961796
436 624   0.549209  -0.835685
104 260   0.448543  -0.893761
130 450   0.797261  0.603635
326 74   0.302479  0.953156
40 520   0.907099  0.420918
44 192   0.626169  0.779688
52 420   0.36327  0.931684
130 46   0.799918  -0.600109
6 416   0.733158  0.680058
462 622   0.148336  -0.988937
410 98   0.302818  -0.953048
126 556   0.477169  0.878812
38 124   0.557027  -0.830495
172 94   0.634481  0.772938
80 96   0.947509  -0.31973
92 84   0.993692  0.112143
56 630   0.744671  0.667432
280 626   0.994644  0.103359
174 156   0.507893  0.86142
10 478   0.884428  0.466676
14 48   0.0511507  -0.998691
380 508   0.346017  0.938228
418 474   0.429821  -0.902914
178 102   0.501026  0.865432
190 174   0.850734  -0.525597
358 418   0.239173  -0.970977
44 546   0.717389  -0.696673
34 36   0.835528  0.549448
434 604   0.0746181  -0.997212
28 516   0.830446  0.557099
134 176   0.841374  0.540453
214 20   0.677345  -0.735665
48 364   0.53544  -0.844573
62 422   0.714583  0.699551
182 92   0.517168  0.855884
170 22   0.868759  -0.495236
220 146   0.673825  0.738891
26 118   0.1905  0.981687
370 624   0.810506  -0.585731
248 170   0.0122665  0.999925
6 600   0.714791  0.699339
106 50   0.99634  -0.0854802
350 606   0.179109  -0.983829
14 12   0.373237  -0.927736
190 12   0.731965  0.681342
206 14   0.555132  -0.831762
8 486   0.973818  0.227328
60 350   0.802644  0.596458
6 62   0.654721  0.755871
80 204   0.601926  0.798552
244 612   0.69215  0.721754
116 44   0.394163  0.919041
120 60   0.482686  -0.875794
388 514   0.350547  0.936545
22 84   0.708322  0.70589
232 510   0.525951  0.850515
182
2.82843
332 312   0.198965  0.980007
320 232   0.700361  -0.713789
314 384   0.927752  0.373198
224 376   0.362622  -0.931936
350 290   0.988466  -0.151445
272 228   0.505401  0.862885
320 274   0.930235  0.366965
326 222   0.796815  -0.604223
348 278   0.929252  -0.369446
332 236   0.784949  -0.61956
194 552   0.318629  0.94788
226 240   0.491078  0.871116
342 306   0.70427  0.709932
346 226   0.771718  -0.635965
224 226   0.345624  0.938373
348 28   0.995  -0.099877
374 62   0.947523  -0.319687
204 546   0.0341541  0.999417
180 268   0.64646  0.762948
172 346   0.905472  -0.424406
254 404   0.384699  -0.923042
466 38   0.564853  -0.825191
398 478   0.320517  0.947243
198 242   0.681575  0.731748
162 338   0.981441  -0.191765
212 230   0.659561  0.751651
390 58   0.817667  0.575691
234 220   0.255453  0.966822
138 286   0.293912  -0.955832
322 348   0.967935  0.251202
442 430   0.327399  -0.944886
180 354   0.868483  -0.49572
128 268   0.810911  0.58517
470 308   0.657756  -0.753231
338 218   0.819423  -0.573189
26 228   0.999396  0.0347513
246 216   0.233621  0.972328
444 506   0.65997  -0.751292
374 74   0.948523  -0.316707
386 130   0.756952  -0.65347
200 464   0.955952  0.293523
442 78   0.456128  -0.889914
428 300   0.772349  -0.635199
170 322   0.997327  -0.0730703
266 392   0.453331  0.891342
362 100   0.922045  -0.387084
282 580   0.281644  0.959519
102 520   0.910609  0.413268
262 590   0.0505226  0.998723
336 178   0.999976  -0.0069716
438 352   0.443315  -0.896366
6 236   0.816001  0.57805
256 198   0.143372  -0.989669
396 458   0.278575  -0.960415
346 8   0.842635  0.538486
132 360   0.765348  0.643616
290 216   0.510088  -0.860122
350 40   0.974436  -0.224664
66 466   0.516502  0.856286
362 298   0.0664184  0.997792
382 36   0.925869  -0.377846
218 68   0.937946  0.346781
350 52   0.668888  -0.743363
456 432   0.116252  -0.99322
470 350   0.584393  -0.811471
472 466   0.204573  -0.978851
316 36   0.651819  0.758374
6 220   0.607642  -0.794211
34 366   0.992371  0.123283
382 478   0.28134  -0.959608
340 464   0.258859  0.965915
320 168   0.990679  -0.136217
134 444   0.694312  0.719674
76 160   0.61762  -0.786477
356 258   0.938906  -0.344173
16 410   0.928418  -0.371536
452 106   0.556873  -0.830598
50 116   0.998499  -0.0547734
100 278   0.637418  -0.770518
62 174   0.704466  -0.709737
156 326   0.998562  0.0536066
236 204   0.147217  0.989104
402 244   0.910236  -0.414089
130 458   0.693305  0.720645
400 198   0.995233  -0.0975233
126 226   0.963374  0.268162
30 442   0.936028  -0.351925
146 272   0.896064  -0.443926
72 138   0.994425  -0.105446
344 394   0.27483  0.961493
96 96   0.806488  -0.59125
6 84   0.979424  -0.201814
82 496   0.239296  0.970947
436 66   0.996405  -0.0847126
452 548   0.0640722  -0.997945
40 494   0.991025  -0.133677
412 122   0.666199  -0.745774
302 134   0.172779  0.984961
432 362   0.531298  -0.847185
132 122   0.996287  -0.0860983
34 58   0.998298  -0.0583214
402 618   0.434731  -0.90056
472 90   0.196808  0.980442
452 354   0.414292  -0.910144
154 256   0.939195  0.343386
370 428   0.179535  -0.983752
440 96   0.954404  -0.298518
70 284   0.535842  -0.844318
342 566   0.129297  0.991606
392 406   0.31416  -0.94937
30 216   0.919296  0.393566
130 632   0.941815  -0.336133
190 530   0.487954  0.872869
182 578   0.551332  0.834286
118 238   0.933808  0.357774
260 28   0.920379  -0.391029
424 590   0.00716336  0.999974
22 488   0.841667  0.539996
74 602   0.80581  -0.592174
76 54   0.65904  -0.752108
458 370   0.329813  -0.944046
414 612   0.229281  -0.97336
14 72   0.787633  0.616145
214 170   0.91768  -0.39732
254 184   0.358639  0.933476
312 148   0.995511  0.0946454
66 564   0.780377  -0.62531
192 228   0.858939  0.512079
154 60   0.659709  -0.751521
168 130   0.578052  0.816
56 232   0.991172  0.132583
76 20   0.412056  0.911159
66 40   0.971263  -0.23801
336 82   0.761199  0.648518
92 84   0.99874  0.0501764
278 594   0.403304  0.915066
46 6   0.955101  -0.296281
84 178   0.963513  0.267662
174 202   0.957742  -0.287628
14 94   0.995819  -0.0913451
64 488   0.717827  0.696222
182 176   0.885481  -0.464675
68 592   0.946336  -0.323185
154 132   0.359787  -0.933035
428 470   0.408849  -0.912602
358 128   0.112571  -0.993644
124 214   0.979608  0.200919
192 40   0.238232  -0.971208
12 350   0.878344  0.478029
14 368   0.789777  -0.613394
18 556   0.830826  0.556532
410 508   0.144362  -0.989525
12 106   0.818528  0.574466
84 136   0.991184  -0.132495
106 260   0.498609  -0.866827
458 558   0.151509  -0.988456
42 520   0.921501  0.388377
102 240   0.678473  -0.734625
34 270   0.999997  -0.00252461
132 74   0.0993237  -0.995055
52 74   0.909277  0.416191
42 228   0.961543  0.274655
434 596   0.218871  -0.975754
130 52   0.602349  -0.798233
432 54   0.999142  0.0414086
66 534   0.70851  -0.705701
436 214   0.605228  -0.796053
182 498   0.670924  0.741526
104 172   0.938209  -0.346069
464 622   0.149282  -0.988795
194 176   0.878014  -0.478635
48 216   0.967496  0.252888
82 98   0.911266  -0.411818
212 18   0.718421  -0.695608
6 488   0.993512  0.113729
244 52   0.384799  -0.923001
42 302   0.655092  -0.75555
106 50   0.998601  -0.0528839
172 22   0.933522  -0.35852
54 534   0.871006  -0.491272
384 514   0.224743  0.974418
118 60   0.488286  -0.872684
