# 3D trace file


#Segment 0 (Axon 1)
#count= 90
   305 438 169       0   1
   305 437 170       0   1
   305 436 170       0   1
   305 435 171       0   1
   305 434 171       0   1
   305 433 172       0   1
   305 432 172       0   1
   305 431 172       0   1
   305 430 172       0   1
   305 429 173       0   1
   305 428 173       0   1
   305 427 173       0   1
   305 426 173       0   1
   305 425 174       0   1
   305 424 174       0   1
   305 423 174       0   1
   305 422 174       0   1
   304 421 175       0   1
   304 420 176       0   1
   303 419 176       0   1
   303 418 176       0   1
   303 417 176       0   1
   303 416 176       0   1
   303 415 176       0   1
   303 414 176       0   1
   303 413 176       0   1
   303 412 177       0   1
   303 411 177       0   1
   302 410 177       0   1
   302 409 177       0   1
   302 408 177       0   1
   301 407 177       0   1
   301 406 177       0   1
   301 405 177       0   1
   300 404 177       0   1
   300 403 178       0   1
   300 402 179       0   1
   299 401 179       0   1
   298 400 179       0   1
   298 399 179       0   1
   297 398 179       0   1
   296 397 180       0   1
   296 396 180       0   1
   295 395 180       0   1
   294 394 180       0   1
   294 393 180       0   1
   293 392 180       0   1
   292 391 180       0   1
   291 390 180       0   1
   290 389 180       0   1
   290 388 181       0   1
   290 387 181       0   1
   289 386 181       0   1
   289 385 181       0   1
   289 384 181       0   1
   288 383 180       0   1
   287 382 180       0   1
   287 381 180       0   1
   286 380 179       0   1
   285 379 180       0   1
   285 378 180       0   1
   284 377 180       0   1
   284 376 180       0   1
   284 375 180       0   1
   283 374 180       0   1
   283 373 180       0   1
   283 372 180       0   1
   282 371 180       0   1
   282 370 180       0   1
   282 369 180       0   1
   281 368 180       0   1
   280 367 180       0   1
   280 366 180       0   1
   279 365 180       0   1
   279 364 180       0   1
   279 363 180       0   1
   279 362 180       0   1
   278 361 179       0   1
   277 360 179       0   1
   276 359 179       0   1
   275 358 179       0   1
   274 357 179       0   1
   274 356 179       0   1
   273 355 179       0   1
   272 354 179       0   1
   271 353 179       0   1
   270 352 179       0   1
   270 351 179       0   1
   270 350 179       0   1
   269 349 178       0   1

#Segment 1 (Axon 1)
#count= 82
   269 349 178       1   1
   268 350 179       1   1
   267 350 180       1   1
   266 350 180       1   1
   265 350 181       1   1
   264 350 181       1   1
   263 350 181       1   1
   262 351 182       1   1
   261 351 182       1   1
   260 351 182       1   1
   259 352 182       1   1
   258 352 182       1   1
   257 352 182       1   1
   256 353 183       1   1
   255 353 184       1   1
   254 353 184       1   1
   253 354 185       1   1
   252 354 186       1   1
   251 354 186       1   1
   250 353 186       1   1
   249 353 186       1   1
   248 352 185       1   1
   247 353 186       1   1
   246 353 186       1   1
   245 353 186       1   1
   244 354 187       1   1
   243 354 187       1   1
   242 354 187       1   1
   242 354 188       1   1
   241 354 189       1   1
   240 354 190       1   1
   239 353 190       1   1
   239 353 191       1   1
   238 353 192       1   1
   237 352 193       1   1
   237 352 194       1   1
   236 352 195       1   1
   235 351 196       1   1
   234 351 197       1   1
   233 351 198       1   1
   232 350 198       1   1
   232 350 199       1   1
   231 350 200       1   1
   230 350 201       1   1
   229 349 201       1   1
   229 349 202       1   1
   228 348 203       1   1
   227 347 204       1   1
   226 346 205       1   1
   225 345 206       1   1
   225 345 207       1   1
   224 344 208       1   1
   223 343 209       1   1
   223 343 210       1   1
   222 343 211       1   1
   221 343 212       1   1
   220 342 212       1   1
   220 342 213       1   1
   219 341 214       1   1
   218 340 215       1   1
   218 340 216       1   1
   217 340 217       1   1
   216 340 218       1   1
   215 339 218       1   1
   214 338 219       1   1
   213 337 220       1   1
   213 337 221       1   1
   212 337 222       1   1
   211 337 223       1   1
   210 337 223       1   1
   210 337 224       1   1
   209 336 225       1   1
   208 335 226       1   1
   208 335 227       1   1
   208 334 228       1   1
   208 333 229       1   1
   207 332 230       1   1
   208 331 231       1   1
   208 330 232       1   1
   208 330 233       1   1
   208 329 234       1   1
   207 328 235       1   1

#Segment 2 (Axon 1)
#count= 57
   269 349 178       2   1
   269 348 179       2   1
   269 347 179       2   1
   268 346 179       2   1
   267 345 180       2   1
   267 344 180       2   1
   266 343 180       2   1
   266 342 180       2   1
   266 341 180       2   1
   266 340 180       2   1
   266 339 180       2   1
   266 338 180       2   1
   266 337 179       2   1
   266 336 179       2   1
   266 335 179       2   1
   266 334 179       2   1
   267 333 179       2   1
   267 332 179       2   1
   267 331 178       2   1
   267 330 179       2   1
   267 329 180       2   1
   267 328 180       2   1
   267 327 180       2   1
   267 326 180       2   1
   267 325 180       2   1
   267 324 180       2   1
   267 323 180       2   1
   266 322 180       2   1
   266 321 180       2   1
   266 320 180       2   1
   265 319 180       2   1
   265 318 180       2   1
   265 317 180       2   1
   265 316 180       2   1
   265 315 181       2   1
   265 314 181       2   1
   265 313 181       2   1
   265 312 181       2   1
   264 311 181       2   1
   264 310 181       2   1
   263 309 181       2   1
   263 308 181       2   1
   263 307 181       2   1
   262 306 181       2   1
   262 305 182       2   1
   262 304 182       2   1
   262 303 182       2   1
   262 302 181       2   1
   262 301 181       2   1
   261 300 180       2   1
   261 299 180       2   1
   261 298 180       2   1
   260 297 180       2   1
   260 296 180       2   1
   259 295 180       2   1
   259 294 180       2   1
   258 293 180       2   1

#Segment 3 (Axon 1)
#count= 41
   258 293 180       3   1
   259 292 181       3   1
   259 291 181       3   1
   259 290 181       3   1
   260 289 182       3   1
   260 288 182       3   1
   260 287 182       3   1
   260 286 182       3   1
   260 285 182       3   1
   260 284 182       3   1
   260 283 183       3   1
   260 282 183       3   1
   260 281 183       3   1
   260 280 183       3   1
   260 279 183       3   1
   260 278 183       3   1
   260 277 183       3   1
   260 276 183       3   1
   260 275 182       3   1
   260 274 182       3   1
   260 273 182       3   1
   260 272 181       3   1
   260 271 181       3   1
   260 270 181       3   1
   260 269 181       3   1
   260 268 182       3   1
   260 267 182       3   1
   260 266 182       3   1
   260 265 182       3   1
   260 264 182       3   1
   259 263 182       3   1
   259 262 182       3   1
   259 261 182       3   1
   259 260 182       3   1
   259 259 181       3   1
   259 258 182       3   1
   259 257 182       3   1
   259 256 182       3   1
   258 255 182       3   1
   257 254 182       3   1
   257 253 182       3   1

#Segment 4 (Axon 1)
#count= 142
   297 131 133       4   1
   298 132 133       4   1
   298 133 133       4   1
   298 134 133       4   1
   298 135 133       4   1
   298 136 133       4   1
   297 137 133       4   1
   298 138 133       4   1
   298 139 133       4   1
   298 140 133       4   1
   299 141 134       4   1
   299 142 134       4   1
   299 143 134       4   1
   299 144 135       4   1
   299 145 135       4   1
   299 146 135       4   1
   299 147 136       4   1
   299 148 136       4   1
   299 149 136       4   1
   299 150 137       4   1
   299 151 137       4   1
   299 152 137       4   1
   299 153 138       4   1
   299 154 138       4   1
   298 155 138       4   1
   298 156 139       4   1
   298 157 139       4   1
   297 158 139       4   1
   297 159 140       4   1
   297 160 140       4   1
   296 161 141       4   1
   296 162 141       4   1
   295 163 141       4   1
   294 164 141       4   1
   294 165 142       4   1
   294 166 142       4   1
   293 167 142       4   1
   293 168 143       4   1
   293 169 143       4   1
   293 170 143       4   1
   293 171 144       4   1
   293 172 144       4   1
   292 173 145       4   1
   292 174 146       4   1
   292 175 146       4   1
   291 176 147       4   1
   291 177 148       4   1
   291 178 148       4   1
   290 179 149       4   1
   290 180 149       4   1
   290 181 149       4   1
   289 182 149       4   1
   289 183 150       4   1
   288 184 150       4   1
   287 185 151       4   1
   287 186 152       4   1
   287 187 152       4   1
   286 188 152       4   1
   286 189 152       4   1
   286 190 152       4   1
   285 191 152       4   1
   285 192 153       4   1
   285 193 153       4   1
   284 194 153       4   1
   284 195 153       4   1
   283 196 153       4   1
   282 197 153       4   1
   282 198 154       4   1
   281 199 154       4   1
   280 200 155       4   1
   280 201 156       4   1
   280 202 156       4   1
   280 202 156       4   1
   281 203 156       4   1
   281 204 156       4   1
   282 205 156       4   1
   282 206 156       4   1
   282 207 156       4   1
   282 208 156       4   1
   282 209 157       4   1
   281 210 157       4   1
   280 211 157       4   1
   280 212 158       4   1
   280 213 158       4   1
   279 214 159       4   1
   279 215 160       4   1
   279 216 160       4   1
   278 217 160       4   1
   278 218 161       4   1
   278 219 161       4   1
   277 220 161       4   1
   277 221 162       4   1
   277 222 162       4   1
   276 223 162       4   1
   276 224 163       4   1
   276 225 163       4   1
   275 226 164       4   1
   276 227 165       4   1
   276 228 165       4   1
   276 229 165       4   1
   276 230 166       4   1
   276 231 166       4   1
   275 232 167       4   1
   275 233 167       4   1
   275 234 166       4   1
   274 235 165       4   1
   274 236 166       4   1
   273 237 166       4   1
   272 238 166       4   1
   272 239 167       4   1
   271 240 167       4   1
   270 241 167       4   1
   270 242 168       4   1
   269 243 169       4   1
   268 244 170       4   1
   268 245 171       4   1
   268 246 171       4   1
   268 247 171       4   1
   267 248 171       4   1
   267 249 172       4   1
   266 249 173       4   1
   265 249 174       4   1
   264 249 174       4   1
   264 250 175       4   1
   263 250 176       4   1
   262 250 177       4   1
   261 250 177       4   1
   261 251 178       4   1
   260 251 179       4   1
   259 251 180       4   1
   259 252 181       4   1
   259 252 182       4   1
   258 252 183       4   1
   258 253 184       4   1
   258 253 185       4   1
   257 253 186       4   1
   258 253 186       4   1
   259 252 186       4   1
   259 253 185       4   1
   258 253 184       4   1
   258 253 183       4   1
   257 253 182       4   1

#Segment 5 (Axon 1)
#count= 40
   257 253 182       5   1
   256 252 182       5   1
   256 251 182       5   1
   256 250 182       5   1
   255 249 181       5   1
   254 248 181       5   1
   254 247 181       5   1
   253 246 180       5   1
   253 245 181       5   1
   253 244 181       5   1
   253 243 181       5   1
   253 242 181       5   1
   253 241 181       5   1
   253 240 181       5   1
   253 239 182       5   1
   253 238 182       5   1
   253 237 182       5   1
   253 236 182       5   1
   253 235 182       5   1
   253 234 182       5   1
   253 233 182       5   1
   253 232 182       5   1
   253 231 182       5   1
   253 230 182       5   1
   253 229 182       5   1
   253 228 181       5   1
   253 227 181       5   1
   253 226 181       5   1
   253 225 181       5   1
   253 224 182       5   1
   253 223 182       5   1
   252 222 182       5   1
   252 221 182       5   1
   252 220 182       5   1
   252 219 182       5   1
   253 218 182       5   1
   253 217 182       5   1
   253 216 182       5   1
   253 215 182       5   1
   253 214 182       5   1

#Segment 6 (Axon 1)
#count= 85
   253 214 182       6   1
   253 214 183       6   1
   253 215 184       6   1
   252 216 184       6   1
   251 217 184       6   1
   250 218 184       6   1
   249 219 183       6   1
   248 219 183       6   1
   247 219 183       6   1
   246 218 182       6   1
   245 218 183       6   1
   244 218 184       6   1
   243 217 184       6   1
   242 216 183       6   1
   241 215 182       6   1
   240 214 181       6   1
   239 213 182       6   1
   238 213 182       6   1
   237 212 182       6   1
   236 211 182       6   1
   236 210 182       6   1
   235 209 181       6   1
   234 208 180       6   1
   233 208 180       6   1
   232 207 179       6   1
   231 206 178       6   1
   230 206 178       6   1
   229 205 177       6   1
   228 204 176       6   1
   227 204 176       6   1
   226 203 175       6   1
   225 202 174       6   1
   224 201 173       6   1
   223 200 172       6   1
   222 199 171       6   1
   221 199 171       6   1
   220 198 170       6   1
   219 197 170       6   1
   218 196 170       6   1
   217 195 169       6   1
   217 194 169       6   1
   217 193 169       6   1
   217 192 169       6   1
   216 191 168       6   1
   216 191 167       6   1
   215 190 166       6   1
   215 189 165       6   1
   214 188 164       6   1
   213 188 164       6   1
   212 187 164       6   1
   211 187 164       6   1
   210 186 163       6   1
   209 185 162       6   1
   208 184 161       6   1
   207 183 161       6   1
   206 183 161       6   1
   205 182 161       6   1
   204 182 161       6   1
   203 182 161       6   1
   202 181 160       6   1
   201 181 160       6   1
   200 181 160       6   1
   199 180 159       6   1
   198 180 159       6   1
   197 180 159       6   1
   196 179 158       6   1
   195 179 158       6   1
   194 179 158       6   1
   193 178 157       6   1
   192 179 158       6   1
   191 180 158       6   1
   190 180 158       6   1
   189 181 158       6   1
   188 181 158       6   1
   187 181 157       6   1
   186 182 157       6   1
   185 182 157       6   1
   184 182 156       6   1
   183 183 155       6   1
   182 183 155       6   1
   181 183 154       6   1
   181 184 154       6   1
   180 185 154       6   1
   179 186 154       6   1
   178 186 154       6   1

#Segment 7 (Axon 1)
#count= 71
   253 214 182       7   1
   253 213 182       7   1
   253 212 182       7   1
   253 211 182       7   1
   253 210 182       7   1
   254 209 183       7   1
   254 208 183       7   1
   254 207 183       7   1
   254 206 183       7   1
   254 205 183       7   1
   254 204 183       7   1
   254 203 184       7   1
   254 202 184       7   1
   254 201 184       7   1
   255 200 184       7   1
   255 199 184       7   1
   255 198 184       7   1
   255 197 184       7   1
   255 196 184       7   1
   255 195 183       7   1
   255 194 183       7   1
   255 193 183       7   1
   255 192 183       7   1
   255 191 184       7   1
   255 190 184       7   1
   255 189 184       7   1
   255 188 185       7   1
   255 187 185       7   1
   255 186 185       7   1
   255 185 186       7   1
   255 184 186       7   1
   255 183 186       7   1
   255 182 186       7   1
   255 181 186       7   1
   255 180 186       7   1
   255 179 186       7   1
   255 178 186       7   1
   255 177 186       7   1
   255 176 186       7   1
   255 175 186       7   1
   255 174 186       7   1
   255 173 186       7   1
   255 172 186       7   1
   255 171 185       7   1
   255 170 185       7   1
   255 169 185       7   1
   255 168 185       7   1
   254 167 185       7   1
   254 166 185       7   1
   253 165 184       7   1
   253 164 185       7   1
   253 163 185       7   1
   253 162 185       7   1
   253 161 185       7   1
   253 160 185       7   1
   253 159 185       7   1
   253 158 185       7   1
   253 157 185       7   1
   253 156 185       7   1
   254 155 186       7   1
   254 154 186       7   1
   254 153 186       7   1
   254 152 186       7   1
   254 151 185       7   1
   254 150 185       7   1
   254 149 184       7   1
   253 148 185       7   1
   253 147 185       7   1
   252 146 185       7   1
   252 145 185       7   1
   252 144 185       7   1

#Segment 8 (Axon 1)
#count= 112
   252 144 185       8   1
   253 144 184       8   1
   253 144 183       8   1
   254 145 184       8   1
   254 146 184       8   1
   255 147 184       8   1
   256 148 185       8   1
   257 149 185       8   1
   258 150 185       8   1
   259 151 185       8   1
   260 151 185       8   1
   261 151 184       8   1
   262 151 184       8   1
   263 150 184       8   1
   264 149 184       8   1
   265 148 184       8   1
   266 148 184       8   1
   267 148 184       8   1
   268 148 184       8   1
   269 148 184       8   1
   270 147 184       8   1
   271 146 184       8   1
   272 146 184       8   1
   273 146 183       8   1
   274 146 182       8   1
   275 146 183       8   1
   276 146 183       8   1
   277 145 183       8   1
   278 145 184       8   1
   279 145 184       8   1
   280 144 185       8   1
   281 144 185       8   1
   282 143 185       8   1
   283 142 184       8   1
   284 142 184       8   1
   285 141 184       8   1
   286 140 183       8   1
   287 140 183       8   1
   288 140 183       8   1
   289 140 183       8   1
   290 139 182       8   1
   291 139 182       8   1
   292 138 182       8   1
   293 137 182       8   1
   294 137 182       8   1
   295 136 182       8   1
   296 135 182       8   1
   296 134 182       8   1
   297 134 182       8   1
   298 133 182       8   1
   299 132 181       8   1
   300 132 181       8   1
   301 132 180       8   1
   302 131 179       8   1
   303 131 179       8   1
   304 130 178       8   1
   305 129 177       8   1
   306 129 178       8   1
   307 129 178       8   1
   308 129 178       8   1
   309 130 178       8   1
   310 130 178       8   1
   311 130 178       8   1
   312 130 178       8   1
   313 130 178       8   1
   314 130 177       8   1
   315 130 177       8   1
   316 130 177       8   1
   317 130 176       8   1
   318 131 176       8   1
   319 131 176       8   1
   320 131 176       8   1
   321 131 176       8   1
   322 131 176       8   1
   323 130 175       8   1
   324 131 176       8   1
   325 131 176       8   1
   326 131 176       8   1
   327 131 176       8   1
   328 131 175       8   1
   329 130 174       8   1
   330 130 174       8   1
   331 130 174       8   1
   332 130 174       8   1
   333 130 174       8   1
   334 130 174       8   1
   335 130 174       8   1
   336 130 174       8   1
   337 130 173       8   1
   338 130 172       8   1
   338 130 171       8   1
   339 130 171       8   1
   340 130 171       8   1
   341 130 171       8   1
   342 130 171       8   1
   343 130 171       8   1
   344 129 171       8   1
   345 130 172       8   1
   346 130 172       8   1
   347 130 172       8   1
   348 131 172       8   1
   349 131 172       8   1
   350 131 172       8   1
   351 131 172       8   1
   352 131 172       8   1
   353 130 172       8   1
   354 130 172       8   1
   355 129 172       8   1
   356 128 171       8   1
   357 128 172       8   1
   358 128 172       8   1
   359 127 172       8   1

#Segment 9 (Axon 1)
#count= 62
   252 144 185       9   1
   252 143 185       9   1
   252 142 185       9   1
   252 141 185       9   1
   252 140 184       9   1
   252 139 185       9   1
   252 138 185       9   1
   251 137 185       9   1
   251 136 185       9   1
   251 135 185       9   1
   250 134 185       9   1
   250 133 185       9   1
   250 132 185       9   1
   250 131 185       9   1
   250 130 185       9   1
   250 129 185       9   1
   250 128 185       9   1
   250 127 186       9   1
   250 126 186       9   1
   249 125 186       9   1
   249 124 186       9   1
   249 123 186       9   1
   249 122 186       9   1
   249 121 187       9   1
   249 120 187       9   1
   249 119 187       9   1
   249 118 187       9   1
   249 117 187       9   1
   248 116 187       9   1
   248 115 187       9   1
   248 114 187       9   1
   248 113 187       9   1
   248 112 187       9   1
   248 111 187       9   1
   248 110 187       9   1
   247 109 187       9   1
   247 108 187       9   1
   247 107 187       9   1
   246 106 187       9   1
   246 105 187       9   1
   246 104 187       9   1
   246 103 187       9   1
   246 102 187       9   1
   246 101 187       9   1
   245 100 187       9   1
   245 99 187       9   1
   245 98 187       9   1
   245 97 186       9   1
   245 96 187       9   1
   245 95 187       9   1
   244 94 187       9   1
   244 93 187       9   1
   244 92 187       9   1
   244 91 187       9   1
   244 90 187       9   1
   244 89 187       9   1
   244 88 186       9   1
   244 87 186       9   1
   244 86 186       9   1
   243 85 186       9   1
   243 84 186       9   1
   243 83 186       9   1

#Segment 10 (Axon 1)
#count= 21
   243 83 186       10   1
   243 82 187       10   1
   243 81 187       10   1
   243 82 188       10   1
   243 83 188       10   1
   243 84 188       10   1
   243 85 188       10   1
   243 86 188       10   1
   243 87 187       10   1
   243 88 186       10   1
   243 89 185       10   1
   242 89 184       10   1
   242 90 183       10   1
   242 90 182       10   1
   241 90 181       10   1
   241 91 180       10   1
   241 91 179       10   1
   240 91 178       10   1
   239 92 177       10   1
   238 92 176       10   1
   237 92 175       10   1

#Segment 11 (Axon 1)
#count= 16
   243 83 186       11   1
   243 82 185       11   1
   242 81 185       11   1
   242 80 185       11   1
   241 79 185       11   1
   241 78 185       11   1
   241 77 185       11   1
   241 76 185       11   1
   241 75 185       11   1
   241 74 185       11   1
   241 73 184       11   1
   241 72 184       11   1
   241 71 184       11   1
   241 70 183       11   1
   241 69 183       11   1
   241 68 183       11   1

#Segment 12 (Axon 1)
#count= 54
   241 68 183       12   1
   242 67 183       12   1
   242 66 183       12   1
   242 65 183       12   1
   242 64 182       12   1
   242 63 182       12   1
   242 62 182       12   1
   242 61 182       12   1
   243 60 181       12   1
   243 59 180       12   1
   244 58 180       12   1
   244 57 180       12   1
   244 56 179       12   1
   245 56 179       12   1
   246 55 178       12   1
   247 54 178       12   1
   247 53 177       12   1
   248 52 176       12   1
   249 52 175       12   1
   249 51 174       12   1
   250 50 173       12   1
   250 49 172       12   1
   250 48 171       12   1
   251 47 170       12   1
   252 47 169       12   1
   252 46 168       12   1
   252 45 167       12   1
   252 44 166       12   1
   252 43 165       12   1
   252 42 164       12   1
   252 42 163       12   1
   251 41 162       12   1
   252 42 161       12   1
   252 42 160       12   1
   252 42 159       12   1
   252 42 158       12   1
   252 42 157       12   1
   252 42 156       12   1
   251 41 155       12   1
   251 41 154       12   1
   251 41 153       12   1
   250 40 152       12   1
   250 40 151       12   1
   250 40 150       12   1
   249 40 149       12   1
   249 41 148       12   1
   249 41 147       12   1
   248 41 146       12   1
   248 42 145       12   1
   248 42 144       12   1
   247 42 143       12   1
   247 42 142       12   1
   247 42 141       12   1
   246 41 140       12   1

#Segment 13 (Axon 1)
#count= 43
   246 41 140       13   1
   246 40 141       13   1
   246 40 140       13   1
   246 40 139       13   1
   245 39 138       13   1
   245 38 137       13   1
   245 37 136       13   1
   245 36 135       13   1
   244 35 134       13   1
   244 35 133       13   1
   243 34 132       13   1
   243 33 131       13   1
   243 32 131       13   1
   242 31 130       13   1
   242 30 129       13   1
   242 29 128       13   1
   241 28 127       13   1
   242 28 126       13   1
   242 28 125       13   1
   242 27 124       13   1
   243 26 123       13   1
   243 26 122       13   1
   243 25 121       13   1
   244 24 120       13   1
   245 23 119       13   1
   245 22 118       13   1
   245 21 117       13   1
   245 21 116       13   1
   245 20 115       13   1
   245 20 114       13   1
   245 20 113       13   1
   244 19 112       13   1
   244 19 111       13   1
   243 18 110       13   1
   243 18 109       13   1
   242 17 108       13   1
   243 16 108       13   1
   243 15 107       13   1
   243 14 107       13   1
   243 13 106       13   1
   243 12 105       13   1
   243 12 104       13   1
   242 11 103       13   1

#Segment 14 (Axon 1)
#count= 50
   246 41 140       14   1
   247 40 139       14   1
   247 40 138       14   1
   247 39 137       14   1
   248 39 136       14   1
   249 39 135       14   1
   249 39 134       14   1
   250 40 133       14   1
   250 40 132       14   1
   251 40 131       14   1
   251 40 130       14   1
   252 41 129       14   1
   253 42 128       14   1
   253 42 127       14   1
   254 43 127       14   1
   255 43 126       14   1
   256 43 125       14   1
   256 43 124       14   1
   257 44 124       14   1
   258 44 123       14   1
   259 45 122       14   1
   260 46 122       14   1
   261 46 121       14   1
   262 47 120       14   1
   263 48 119       14   1
   263 49 118       14   1
   263 49 117       14   1
   264 50 117       14   1
   265 50 116       14   1
   266 50 115       14   1
   266 50 114       14   1
   267 51 113       14   1
   268 52 112       14   1
   268 52 111       14   1
   269 53 111       14   1
   270 53 110       14   1
   271 53 109       14   1
   271 53 108       14   1
   272 54 108       14   1
   273 54 107       14   1
   274 54 106       14   1
   275 54 106       14   1
   276 54 105       14   1
   277 54 104       14   1
   278 55 104       14   1
   279 55 104       14   1
   280 55 103       14   1
   281 55 103       14   1
   282 55 102       14   1
   283 55 101       14   1

#Segment 15 (Axon 1)
#count= 58
   241 68 183       15   1
   241 67 182       15   1
   241 66 182       15   1
   241 65 182       15   1
   241 64 181       15   1
   241 63 182       15   1
   241 62 182       15   1
   241 61 182       15   1
   241 60 183       15   1
   241 59 184       15   1
   241 58 184       15   1
   241 57 184       15   1
   241 56 184       15   1
   240 55 184       15   1
   239 54 184       15   1
   239 53 184       15   1
   238 52 184       15   1
   238 51 184       15   1
   238 50 184       15   1
   237 49 184       15   1
   236 48 184       15   1
   236 47 184       15   1
   235 46 183       15   1
   235 45 184       15   1
   235 44 185       15   1
   235 43 185       15   1
   236 42 185       15   1
   237 41 185       15   1
   237 40 185       15   1
   238 39 185       15   1
   238 38 185       15   1
   238 37 184       15   1
   238 36 184       15   1
   238 35 184       15   1
   237 34 183       15   1
   237 33 184       15   1
   237 32 184       15   1
   237 31 184       15   1
   237 30 184       15   1
   237 29 184       15   1
   237 28 184       15   1
   237 27 185       15   1
   237 26 185       15   1
   237 25 185       15   1
   236 24 185       15   1
   236 23 186       15   1
   236 22 186       15   1
   236 21 187       15   1
   235 20 187       15   1
   234 19 187       15   1
   234 18 187       15   1
   233 17 186       15   1
   233 16 186       15   1
   233 15 186       15   1
   232 14 186       15   1
   231 13 186       15   1
   231 12 186       15   1
   230 11 186       15   1

#Segment 16 (Axon 1)
#count= 16
   258 293 180       16   1
   258 294 179       16   1
   257 294 178       16   1
   256 294 178       16   1
   255 293 178       16   1
   254 292 178       16   1
   253 291 177       16   1
   252 291 178       16   1
   251 291 178       16   1
   250 291 178       16   1
   249 291 178       16   1
   248 292 177       16   1
   247 292 176       16   1
   246 292 175       16   1
   245 292 174       16   1
   244 292 174       16   1

#Segment 17 (Axon 1)
#count= 149
   244 292 174       17   1
   244 293 175       17   1
   243 293 176       17   1
   242 293 177       17   1
   241 293 178       17   1
   241 292 177       17   1
   241 292 176       17   1
   241 291 175       17   1
   242 291 174       17   1
   242 291 173       17   1
   241 291 172       17   1
   241 291 171       17   1
   240 290 170       17   1
   240 290 169       17   1
   239 289 168       17   1
   239 289 167       17   1
   239 289 166       17   1
   238 288 165       17   1
   238 287 164       17   1
   238 287 163       17   1
   237 286 162       17   1
   238 286 161       17   1
   238 286 160       17   1
   238 285 159       17   1
   238 284 158       17   1
   238 284 157       17   1
   237 283 156       17   1
   237 282 155       17   1
   237 282 154       17   1
   237 281 153       17   1
   237 280 152       17   1
   237 280 151       17   1
   237 279 150       17   1
   238 278 149       17   1
   238 277 148       17   1
   238 276 147       17   1
   239 275 146       17   1
   239 274 145       17   1
   239 273 144       17   1
   240 273 143       17   1
   240 272 142       17   1
   240 271 141       17   1
   240 270 140       17   1
   241 269 139       17   1
   241 269 138       17   1
   241 268 137       17   1
   242 267 136       17   1
   242 267 135       17   1
   242 266 134       17   1
   243 265 133       17   1
   243 265 132       17   1
   243 264 131       17   1
   244 263 130       17   1
   244 263 129       17   1
   244 262 128       17   1
   245 261 127       17   1
   245 261 126       17   1
   245 260 125       17   1
   245 260 124       17   1
   245 260 123       17   1
   244 259 122       17   1
   244 258 121       17   1
   244 258 120       17   1
   244 257 119       17   1
   245 257 118       17   1
   245 257 117       17   1
   245 256 116       17   1
   246 256 115       17   1
   246 256 114       17   1
   246 255 113       17   1
   247 255 112       17   1
   247 255 111       17   1
   247 254 110       17   1
   247 253 109       17   1
   247 253 108       17   1
   247 252 107       17   1
   246 251 106       17   1
   246 251 105       17   1
   245 250 104       17   1
   244 249 103       17   1
   243 249 102       17   1
   242 248 101       17   1
   242 247 100       17   1
   242 246 100       17   1
   241 245 99       17   1
   241 244 98       17   1
   241 243 98       17   1
   240 242 97       17   1
   239 241 96       17   1
   239 240 96       17   1
   238 239 95       17   1
   237 238 95       17   1
   236 237 95       17   1
   235 236 94       17   1
   234 235 93       17   1
   233 234 93       17   1
   232 233 92       17   1
   231 232 92       17   1
   230 231 92       17   1
   229 230 91       17   1
   229 229 91       17   1
   229 228 90       17   1
   229 227 90       17   1
   228 226 89       17   1
   227 225 88       17   1
   226 224 87       17   1
   225 223 86       17   1
   224 222 86       17   1
   223 222 86       17   1
   222 221 85       17   1
   221 220 85       17   1
   220 220 85       17   1
   219 219 84       17   1
   219 218 84       17   1
   218 217 84       17   1
   217 216 84       17   1
   216 215 83       17   1
   215 214 83       17   1
   215 213 83       17   1
   214 212 82       17   1
   213 211 82       17   1
   212 210 82       17   1
   211 209 81       17   1
   210 208 80       17   1
   209 208 80       17   1
   208 207 79       17   1
   207 207 79       17   1
   206 207 79       17   1
   205 206 78       17   1
   204 206 77       17   1
   203 206 77       17   1
   202 205 76       17   1
   201 205 75       17   1
   201 205 74       17   1
   200 204 73       17   1
   200 204 72       17   1
   200 204 71       17   1
   199 203 70       17   1
   199 203 69       17   1
   199 203 68       17   1
   198 203 67       17   1
   198 204 66       17   1
   198 204 65       17   1
   197 204 64       17   1
   196 203 63       17   1
   196 203 62       17   1
   195 202 61       17   1
   195 203 60       17   1
   195 203 59       17   1

#Segment 18 (Axon 1)
#count= 58
   195 203 59       18   1
   196 204 58       18   1
   196 204 57       18   1
   196 204 56       18   1
   195 203 55       18   1
   194 203 54       18   1
   194 203 53       18   1
   193 202 52       18   1
   192 201 51       18   1
   191 201 51       18   1
   190 200 50       18   1
   189 200 49       18   1
   188 200 49       18   1
   187 200 48       18   1
   187 201 47       18   1
   186 201 46       18   1
   186 201 45       18   1
   185 201 44       18   1
   184 202 43       18   1
   183 202 43       18   1
   182 202 42       18   1
   181 202 42       18   1
   180 202 42       18   1
   179 202 41       18   1
   178 203 41       18   1
   177 203 41       18   1
   176 203 40       18   1
   175 204 40       18   1
   174 204 40       18   1
   173 204 39       18   1
   172 205 38       18   1
   172 205 37       18   1
   171 205 36       18   1
   171 205 35       18   1
   171 205 34       18   1
   171 205 33       18   1
   171 205 32       18   1
   171 206 31       18   1
   171 206 30       18   1
   170 206 29       18   1
   170 207 28       18   1
   170 207 27       18   1
   169 207 26       18   1
   169 208 25       18   1
   169 208 24       18   1
   168 208 23       18   1
   168 208 22       18   1
   168 208 21       18   1
   167 208 20       18   1
   167 208 19       18   1
   167 208 18       18   1
   167 208 17       18   1
   167 208 16       18   1
   167 208 15       18   1
   167 208 14       18   1
   167 209 13       18   1
   167 209 12       18   1
   166 209 11       18   1

#Segment 19 (Axon 1)
#count= 13
   195 203 59       19   1
   194 203 58       19   1
   195 203 57       19   1
   196 203 56       19   1
   196 202 55       19   1
   196 202 54       19   1
   195 202 53       19   1
   194 202 52       19   1
   194 202 51       19   1
   193 202 50       19   1
   192 201 50       19   1
   191 201 50       19   1
   190 200 49       19   1

#Segment 20 (Axon 1)
#count= 59
   244 292 174       20   1
   243 292 173       20   1
   242 292 172       20   1
   242 292 171       20   1
   241 291 170       20   1
   241 291 169       20   1
   240 290 168       20   1
   240 290 167       20   1
   240 290 166       20   1
   239 289 165       20   1
   238 289 164       20   1
   238 289 163       20   1
   237 288 162       20   1
   236 288 161       20   1
   236 288 160       20   1
   235 288 159       20   1
   234 288 158       20   1
   233 288 157       20   1
   232 288 156       20   1
   232 289 155       20   1
   232 289 154       20   1
   231 289 153       20   1
   230 290 152       20   1
   230 291 151       20   1
   229 291 150       20   1
   228 292 149       20   1
   228 293 148       20   1
   227 293 147       20   1
   227 294 147       20   1
   226 295 146       20   1
   225 296 145       20   1
   224 296 144       20   1
   224 297 144       20   1
   223 298 143       20   1
   222 299 143       20   1
   221 299 142       20   1
   220 300 142       20   1
   219 301 141       20   1
   218 302 141       20   1
   217 302 140       20   1
   217 303 140       20   1
   216 304 139       20   1
   215 305 138       20   1
   215 306 138       20   1
   214 307 137       20   1
   213 308 136       20   1
   213 309 136       20   1
   212 310 136       20   1
   211 311 135       20   1
   210 312 134       20   1
   209 312 134       20   1
   208 312 133       20   1
   207 313 132       20   1
   206 313 132       20   1
   205 313 131       20   1
   204 314 130       20   1
   203 314 129       20   1
   202 314 128       20   1
   201 315 127       20   1

#Segment 21 (Axon 1)
#count= 92
   201 315 127       21   1
   200 314 128       21   1
   199 314 127       21   1
   198 314 126       21   1
   197 314 125       21   1
   196 313 125       21   1
   195 313 125       21   1
   194 312 124       21   1
   193 311 124       21   1
   192 311 124       21   1
   191 310 124       21   1
   190 310 124       21   1
   189 310 124       21   1
   188 310 124       21   1
   187 311 124       21   1
   186 311 124       21   1
   185 311 123       21   1
   184 311 122       21   1
   183 311 122       21   1
   182 311 121       21   1
   181 310 121       21   1
   180 310 121       21   1
   179 309 120       21   1
   178 309 119       21   1
   177 309 119       21   1
   176 308 118       21   1
   175 308 118       21   1
   174 308 118       21   1
   173 307 117       21   1
   172 306 117       21   1
   171 306 117       21   1
   170 305 116       21   1
   169 304 116       21   1
   168 304 116       21   1
   167 303 116       21   1
   166 303 115       21   1
   165 303 115       21   1
   164 302 114       21   1
   163 302 115       21   1
   162 302 115       21   1
   161 302 115       21   1
   160 302 116       21   1
   159 302 117       21   1
   158 302 117       21   1
   157 301 118       21   1
   156 301 118       21   1
   155 300 118       21   1
   154 299 119       21   1
   153 299 119       21   1
   152 298 119       21   1
   151 297 118       21   1
   150 297 117       21   1
   149 296 116       21   1
   148 296 116       21   1
   147 296 116       21   1
   146 295 116       21   1
   145 295 116       21   1
   144 295 116       21   1
   143 294 116       21   1
   142 294 116       21   1
   141 294 116       21   1
   140 293 116       21   1
   139 293 116       21   1
   138 293 116       21   1
   137 293 115       21   1
   136 293 115       21   1
   135 293 115       21   1
   134 292 115       21   1
   133 292 115       21   1
   132 292 115       21   1
   131 291 115       21   1
   130 290 116       21   1
   129 290 116       21   1
   128 289 116       21   1
   127 289 116       21   1
   126 289 116       21   1
   125 289 115       21   1
   124 290 115       21   1
   123 290 115       21   1
   122 290 115       21   1
   121 289 115       21   1
   120 289 115       21   1
   119 288 114       21   1
   118 288 114       21   1
   117 288 114       21   1
   116 288 113       21   1
   115 288 113       21   1
   114 288 113       21   1
   113 288 112       21   1
   112 288 113       21   1
   111 288 114       21   1
   110 288 114       21   1

#Segment 22 (Axon 1)
#count= 40
   201 315 127       22   1
   200 315 126       22   1
   200 316 125       22   1
   200 317 124       22   1
   199 317 123       22   1
   198 317 122       22   1
   198 317 121       22   1
   197 317 120       22   1
   196 318 119       22   1
   196 319 118       22   1
   195 319 117       22   1
   195 320 116       22   1
   195 321 115       22   1
   194 321 114       22   1
   194 322 113       22   1
   194 323 112       22   1
   193 323 111       22   1
   193 324 110       22   1
   193 325 109       22   1
   192 325 108       22   1
   192 326 107       22   1
   192 327 106       22   1
   191 327 105       22   1
   191 328 105       22   1
   191 329 104       22   1
   191 330 103       22   1
   190 330 102       22   1
   190 331 101       22   1
   190 332 100       22   1
   189 332 99       22   1
   189 333 99       22   1
   189 334 98       22   1
   189 335 97       22   1
   189 335 96       22   1
   189 336 95       22   1
   188 336 94       22   1
   188 337 93       22   1
   188 337 92       22   1
   187 337 91       22   1
   188 337 90       22   1

#Segment 23 (Axon 1)
#count= 97
   188 337 90       23   1
   188 338 90       23   1
   187 339 89       23   1
   186 340 88       23   1
   186 341 88       23   1
   185 342 87       23   1
   184 343 86       23   1
   184 344 86       23   1
   183 345 86       23   1
   182 346 86       23   1
   181 346 86       23   1
   181 347 86       23   1
   180 348 85       23   1
   179 349 84       23   1
   178 349 83       23   1
   178 350 83       23   1
   177 351 83       23   1
   176 352 83       23   1
   175 353 83       23   1
   174 353 83       23   1
   173 353 83       23   1
   172 353 83       23   1
   171 354 83       23   1
   170 354 83       23   1
   169 354 82       23   1
   168 355 81       23   1
   167 356 81       23   1
   166 356 80       23   1
   166 357 79       23   1
   165 357 78       23   1
   165 358 77       23   1
   164 358 76       23   1
   164 359 76       23   1
   164 360 75       23   1
   164 361 74       23   1
   163 361 73       23   1
   162 362 72       23   1
   162 362 71       23   1
   161 362 70       23   1
   161 362 69       23   1
   161 362 68       23   1
   161 362 67       23   1
   161 363 66       23   1
   161 364 65       23   1
   160 364 64       23   1
   159 365 63       23   1
   158 366 63       23   1
   157 366 62       23   1
   156 367 61       23   1
   155 368 60       23   1
   155 369 60       23   1
   155 370 59       23   1
   154 371 58       23   1
   153 372 57       23   1
   153 373 56       23   1
   152 373 55       23   1
   151 374 54       23   1
   151 375 53       23   1
   150 375 52       23   1
   149 376 51       23   1
   149 377 50       23   1
   148 377 49       23   1
   147 378 48       23   1
   147 379 47       23   1
   146 379 46       23   1
   145 380 45       23   1
   145 381 44       23   1
   144 381 43       23   1
   144 382 43       23   1
   143 383 42       23   1
   142 384 41       23   1
   142 385 41       23   1
   142 386 40       23   1
   142 387 39       23   1
   141 387 38       23   1
   141 388 38       23   1
   140 389 37       23   1
   139 390 36       23   1
   138 390 35       23   1
   137 391 34       23   1
   136 392 33       23   1
   135 392 32       23   1
   135 393 32       23   1
   135 394 31       23   1
   134 395 30       23   1
   134 396 30       23   1
   134 397 30       23   1
   133 398 29       23   1
   132 399 28       23   1
   132 400 27       23   1
   131 400 26       23   1
   131 401 25       23   1
   131 402 24       23   1
   130 402 23       23   1
   129 403 22       23   1
   128 404 21       23   1
   127 404 20       23   1

#Segment 24 (Axon 1)
#count= 15
   188 337 90       24   1
   189 337 89       24   1
   189 337 88       24   1
   189 336 88       24   1
   189 335 87       24   1
   190 335 86       24   1
   191 334 85       24   1
   192 333 84       24   1
   192 332 83       24   1
   193 332 83       24   1
   194 331 82       24   1
   195 330 81       24   1
   196 330 81       24   1
   197 330 81       24   1
   198 329 81       24   1


#Segment 25 (Axon 2)
#count= 27
   328 445 177       25   2
   329 445 178       25   2
   330 444 178       25   2
   331 444 179       25   2
   332 443 179       25   2
   333 443 180       25   2
   334 442 180       25   2
   335 442 181       25   2
   336 441 181       25   2
   337 440 180       25   2
   338 439 179       25   2
   338 438 178       25   2
   338 437 177       25   2
   338 437 176       25   2
   338 436 175       25   2
   339 436 174       25   2
   339 436 173       25   2
   339 435 172       25   2
   340 435 171       25   2
   340 434 170       25   2
   341 433 170       25   2
   342 432 170       25   2
   342 431 169       25   2
   343 431 169       25   2
   344 431 169       25   2
   345 431 168       25   2
   344 432 169       25   2

#Segment 26 (Axon 2)
#count= 42
   344 432 169       26   2
   344 432 170       26   2
   345 432 170       26   2
   346 432 170       26   2
   347 431 170       26   2
   348 431 170       26   2
   349 431 170       26   2
   350 431 170       26   2
   351 431 170       26   2
   352 431 170       26   2
   353 430 170       26   2
   354 430 170       26   2
   355 430 170       26   2
   356 430 169       26   2
   357 430 170       26   2
   358 429 170       26   2
   359 428 170       26   2
   360 428 170       26   2
   361 428 170       26   2
   362 427 169       26   2
   363 427 169       26   2
   364 426 169       26   2
   365 425 168       26   2
   366 425 168       26   2
   367 424 168       26   2
   368 423 167       26   2
   369 423 167       26   2
   370 422 167       26   2
   371 421 167       26   2
   372 421 167       26   2
   373 420 167       26   2
   374 419 167       26   2
   375 419 168       26   2
   376 418 168       26   2
   377 417 168       26   2
   378 417 168       26   2
   379 416 167       26   2
   380 415 167       26   2
   380 414 166       26   2
   381 413 166       26   2
   381 412 166       26   2
   382 411 166       26   2

#Segment 27 (Axon 2)
#count= 124
   382 411 166       27   2
   383 411 167       27   2
   383 411 168       27   2
   384 410 169       27   2
   385 410 170       27   2
   386 410 170       27   2
   387 409 170       27   2
   388 409 170       27   2
   389 409 170       27   2
   390 409 169       27   2
   391 409 169       27   2
   392 408 169       27   2
   393 407 169       27   2
   394 407 169       27   2
   395 406 169       27   2
   396 405 169       27   2
   397 405 169       27   2
   398 404 169       27   2
   399 403 168       27   2
   400 403 168       27   2
   401 403 168       27   2
   402 402 167       27   2
   403 402 168       27   2
   404 401 168       27   2
   405 400 168       27   2
   406 400 169       27   2
   407 399 169       27   2
   408 398 170       27   2
   409 398 170       27   2
   410 397 170       27   2
   411 396 170       27   2
   412 396 171       27   2
   413 395 171       27   2
   414 394 171       27   2
   415 394 171       27   2
   416 393 171       27   2
   417 392 170       27   2
   418 392 170       27   2
   419 391 170       27   2
   420 390 169       27   2
   421 390 169       27   2
   422 389 169       27   2
   423 388 169       27   2
   424 388 169       27   2
   425 388 169       27   2
   426 387 169       27   2
   427 387 169       27   2
   428 386 169       27   2
   429 385 169       27   2
   430 385 169       27   2
   431 385 169       27   2
   432 384 169       27   2
   433 384 169       27   2
   434 384 169       27   2
   435 384 169       27   2
   436 383 169       27   2
   437 383 170       27   2
   438 382 170       27   2
   439 381 170       27   2
   439 380 170       27   2
   440 380 170       27   2
   441 379 169       27   2
   442 378 169       27   2
   442 377 168       27   2
   443 377 169       27   2
   444 376 169       27   2
   445 375 169       27   2
   446 375 170       27   2
   447 374 170       27   2
   448 373 170       27   2
   449 373 170       27   2
   450 372 170       27   2
   451 371 170       27   2
   451 370 170       27   2
   452 370 171       27   2
   453 369 171       27   2
   454 368 171       27   2
   454 368 171       27   2
   455 367 172       27   2
   456 367 172       27   2
   457 367 172       27   2
   458 367 172       27   2
   459 366 171       27   2
   460 366 171       27   2
   461 365 171       27   2
   462 364 171       27   2
   463 364 171       27   2
   464 363 171       27   2
   465 362 170       27   2
   466 362 170       27   2
   467 362 170       27   2
   468 362 170       27   2
   469 361 169       27   2
   470 361 169       27   2
   471 361 169       27   2
   472 361 169       27   2
   473 362 170       27   2
   474 362 170       27   2
   475 362 171       27   2
   476 362 171       27   2
   477 362 170       27   2
   478 361 169       27   2
   479 361 169       27   2
   480 361 169       27   2
   481 360 168       27   2
   482 360 168       27   2
   483 360 168       27   2
   484 359 167       27   2
   485 359 168       27   2
   486 359 168       27   2
   487 358 169       27   2
   488 358 169       27   2
   489 357 168       27   2
   490 356 167       27   2
   491 356 167       27   2
   492 356 167       27   2
   493 356 167       27   2
   494 356 167       27   2
   495 356 167       27   2
   496 355 167       27   2
   497 354 167       27   2
   498 354 167       27   2
   499 354 167       27   2
   500 353 166       27   2

#Segment 28 (Axon 2)
#count= 22
   382 411 166       28   2
   382 410 165       28   2
   383 409 164       28   2
   384 408 164       28   2
   384 407 163       28   2
   385 406 162       28   2
   386 405 162       28   2
   386 404 161       28   2
   387 403 161       28   2
   388 402 161       28   2
   388 401 160       28   2
   389 400 159       28   2
   390 399 159       28   2
   390 398 158       28   2
   391 398 158       28   2
   392 397 157       28   2
   393 396 157       28   2
   393 395 156       28   2
   394 395 155       28   2
   395 394 154       28   2
   396 394 153       28   2
   397 393 152       28   2

#Segment 29 (Axon 2)
#count= 133
   397 393 152       29   2
   398 392 151       29   2
   399 392 150       29   2
   399 391 149       29   2
   400 391 148       29   2
   400 391 147       29   2
   400 391 146       29   2
   400 390 145       29   2
   401 391 144       29   2
   402 391 143       29   2
   402 391 142       29   2
   403 391 141       29   2
   404 391 140       29   2
   404 390 139       29   2
   405 389 138       29   2
   405 389 137       29   2
   405 388 136       29   2
   406 388 135       29   2
   406 388 134       29   2
   406 387 133       29   2
   407 387 132       29   2
   407 387 131       29   2
   407 386 130       29   2
   408 385 129       29   2
   408 385 128       29   2
   408 384 127       29   2
   409 384 126       29   2
   410 384 125       29   2
   410 383 124       29   2
   411 384 123       29   2
   411 384 122       29   2
   411 384 121       29   2
   412 385 120       29   2
   413 385 119       29   2
   413 385 118       29   2
   414 386 117       29   2
   415 386 116       29   2
   415 386 115       29   2
   416 387 115       29   2
   417 387 114       29   2
   418 387 113       29   2
   418 387 112       29   2
   419 387 112       29   2
   420 387 111       29   2
   421 387 110       29   2
   421 386 109       29   2
   422 386 109       29   2
   423 386 108       29   2
   424 386 107       29   2
   424 386 106       29   2
   425 386 106       29   2
   426 385 105       29   2
   427 384 104       29   2
   428 384 104       29   2
   429 384 103       29   2
   430 384 102       29   2
   430 383 101       29   2
   431 383 101       29   2
   432 383 100       29   2
   433 383 99       29   2
   433 382 98       29   2
   434 382 98       29   2
   435 382 97       29   2
   436 381 96       29   2
   437 381 96       29   2
   438 381 95       29   2
   439 380 94       29   2
   440 381 94       29   2
   441 381 94       29   2
   442 381 94       29   2
   443 382 94       29   2
   444 382 93       29   2
   445 383 92       29   2
   446 384 92       29   2
   447 384 91       29   2
   448 384 90       29   2
   449 385 90       29   2
   450 385 89       29   2
   451 385 88       29   2
   452 386 88       29   2
   453 386 87       29   2
   454 386 86       29   2
   455 386 86       29   2
   456 386 85       29   2
   457 386 84       29   2
   458 386 84       29   2
   459 386 84       29   2
   460 385 83       29   2
   461 385 83       29   2
   462 385 82       29   2
   463 385 81       29   2
   464 385 81       29   2
   465 385 80       29   2
   466 384 79       29   2
   467 384 79       29   2
   468 384 78       29   2
   469 384 77       29   2
   469 383 76       29   2
   470 383 75       29   2
   471 383 74       29   2
   472 383 73       29   2
   472 382 72       29   2
   473 382 72       29   2
   474 382 71       29   2
   475 382 70       29   2
   475 381 69       29   2
   476 381 69       29   2
   477 380 68       29   2
   478 379 67       29   2
   479 379 67       29   2
   480 379 66       29   2
   481 379 65       29   2
   482 379 65       29   2
   483 379 64       29   2
   484 379 63       29   2
   485 379 63       29   2
   486 379 62       29   2
   487 379 61       29   2
   488 379 61       29   2
   489 379 61       29   2
   490 379 60       29   2
   491 379 60       29   2
   492 379 60       29   2
   493 378 59       29   2
   494 379 59       29   2
   495 379 58       29   2
   496 379 57       29   2
   497 380 57       29   2
   498 380 57       29   2
   499 380 56       29   2
   500 381 56       29   2
   501 381 56       29   2
   502 381 56       29   2

#Segment 30 (Axon 2)
#count= 50
   397 393 152       30   2
   397 392 153       30   2
   398 391 153       30   2
   399 390 153       30   2
   399 389 152       30   2
   400 388 153       30   2
   401 387 153       30   2
   401 386 153       30   2
   402 385 153       30   2
   403 384 153       30   2
   403 383 153       30   2
   404 382 154       30   2
   405 381 154       30   2
   405 380 154       30   2
   406 379 154       30   2
   407 378 154       30   2
   407 377 153       30   2
   408 376 152       30   2
   409 375 152       30   2
   409 374 151       30   2
   410 373 151       30   2
   411 372 151       30   2
   411 371 150       30   2
   412 370 149       30   2
   413 369 149       30   2
   413 368 148       30   2
   414 367 147       30   2
   414 366 147       30   2
   414 365 146       30   2
   415 364 145       30   2
   416 363 145       30   2
   416 362 144       30   2
   416 361 144       30   2
   416 360 143       30   2
   416 359 143       30   2
   415 358 142       30   2
   416 358 143       30   2
   417 357 143       30   2
   418 356 143       30   2
   418 355 143       30   2
   418 354 143       30   2
   418 353 143       30   2
   418 352 142       30   2
   418 351 142       30   2
   418 350 142       30   2
   417 349 142       30   2
   417 348 141       30   2
   417 347 141       30   2
   417 346 140       30   2
   418 345 140       30   2

#Segment 31 (Axon 2)
#count= 26
   418 345 140       31   2
   418 346 141       31   2
   419 345 140       31   2
   420 344 140       31   2
   420 343 139       31   2
   421 342 139       31   2
   421 341 139       31   2
   421 340 138       31   2
   421 339 137       31   2
   421 338 137       31   2
   421 337 136       31   2
   420 336 136       31   2
   420 335 136       31   2
   419 334 135       31   2
   418 333 134       31   2
   417 332 133       31   2
   416 331 132       31   2
   417 330 133       31   2
   417 329 133       31   2
   417 328 133       31   2
   418 328 133       31   2
   419 327 132       31   2
   420 326 131       31   2
   421 325 132       31   2
   422 324 132       31   2
   422 323 132       31   2

#Segment 32 (Axon 2)
#count= 30
   418 345 140       32   2
   418 344 140       32   2
   418 343 139       32   2
   419 342 139       32   2
   419 341 139       32   2
   419 340 138       32   2
   420 339 138       32   2
   420 338 138       32   2
   420 337 137       32   2
   421 336 137       32   2
   421 335 137       32   2
   421 334 136       32   2
   422 333 136       32   2
   422 332 136       32   2
   422 331 135       32   2
   423 330 135       32   2
   423 329 135       32   2
   423 328 135       32   2
   424 327 135       32   2
   424 326 135       32   2
   424 325 134       32   2
   425 324 133       32   2
   425 323 133       32   2
   425 322 132       32   2
   425 321 131       32   2
   425 320 131       32   2
   425 319 130       32   2
   426 318 129       32   2
   426 317 129       32   2
   426 316 128       32   2

#Segment 33 (Axon 2)
#count= 37
   426 316 128       33   2
   427 316 129       33   2
   426 315 129       33   2
   425 314 128       33   2
   425 313 128       33   2
   425 312 127       33   2
   425 311 126       33   2
   424 310 125       33   2
   423 309 124       33   2
   423 308 124       33   2
   422 307 123       33   2
   421 307 123       33   2
   420 306 123       33   2
   419 306 123       33   2
   418 305 122       33   2
   417 304 122       33   2
   416 303 121       33   2
   416 302 121       33   2
   416 301 121       33   2
   416 300 121       33   2
   417 299 121       33   2
   418 298 121       33   2
   418 297 121       33   2
   419 296 120       33   2
   419 295 120       33   2
   419 294 119       33   2
   420 293 120       33   2
   421 292 120       33   2
   421 291 120       33   2
   421 290 121       33   2
   421 289 121       33   2
   421 288 121       33   2
   421 287 121       33   2
   422 286 120       33   2
   422 285 120       33   2
   422 284 119       33   2
   421 284 118       33   2

#Segment 34 (Axon 2)
#count= 185
   487 110 75       34   2
   487 111 76       34   2
   486 112 76       34   2
   485 113 77       34   2
   484 113 77       34   2
   484 114 78       34   2
   483 115 78       34   2
   482 116 78       34   2
   482 117 79       34   2
   482 118 79       34   2
   481 119 79       34   2
   481 120 80       34   2
   481 121 80       34   2
   480 122 80       34   2
   480 123 81       34   2
   480 124 81       34   2
   479 125 81       34   2
   479 126 82       34   2
   478 127 82       34   2
   477 128 82       34   2
   477 129 83       34   2
   476 130 83       34   2
   475 131 84       34   2
   475 131 83       34   2
   474 131 82       34   2
   474 131 82       34   2
   474 132 83       34   2
   474 133 83       34   2
   474 134 84       34   2
   474 135 85       34   2
   474 136 85       34   2
   474 137 86       34   2
   474 138 87       34   2
   474 139 87       34   2
   474 140 87       34   2
   474 141 88       34   2
   474 142 88       34   2
   474 143 88       34   2
   474 144 89       34   2
   474 145 89       34   2
   474 146 90       34   2
   474 147 91       34   2
   474 148 91       34   2
   474 149 92       34   2
   474 150 92       34   2
   474 151 92       34   2
   473 152 92       34   2
   473 153 92       34   2
   473 154 92       34   2
   473 155 91       34   2
   473 156 92       34   2
   472 157 92       34   2
   471 158 93       34   2
   471 159 94       34   2
   471 160 94       34   2
   471 161 94       34   2
   472 162 95       34   2
   472 163 95       34   2
   472 164 95       34   2
   472 164 95       34   2
   472 165 96       34   2
   472 166 96       34   2
   472 167 96       34   2
   471 168 96       34   2
   471 169 97       34   2
   471 170 97       34   2
   471 171 98       34   2
   471 172 98       34   2
   470 173 98       34   2
   469 174 97       34   2
   469 175 98       34   2
   469 176 98       34   2
   469 177 98       34   2
   468 178 98       34   2
   468 179 99       34   2
   467 180 99       34   2
   466 181 99       34   2
   466 182 100       34   2
   465 183 100       34   2
   464 184 100       34   2
   464 185 101       34   2
   464 186 101       34   2
   463 187 101       34   2
   463 188 102       34   2
   463 189 102       34   2
   463 190 102       34   2
   462 191 102       34   2
   462 192 103       34   2
   461 193 103       34   2
   460 194 103       34   2
   460 195 103       34   2
   460 196 103       34   2
   459 197 103       34   2
   459 198 104       34   2
   459 199 104       34   2
   458 200 104       34   2
   458 201 104       34   2
   458 202 104       34   2
   457 203 104       34   2
   457 204 104       34   2
   457 205 104       34   2
   456 206 104       34   2
   456 207 105       34   2
   456 208 105       34   2
   455 209 105       34   2
   455 210 105       34   2
   455 211 105       34   2
   455 212 104       34   2
   455 212 104       34   2
   454 213 105       34   2
   455 214 105       34   2
   455 215 105       34   2
   455 216 105       34   2
   455 217 105       34   2
   454 218 105       34   2
   453 219 105       34   2
   453 220 105       34   2
   453 221 105       34   2
   452 222 105       34   2
   452 223 105       34   2
   452 224 105       34   2
   451 225 105       34   2
   451 226 106       34   2
   450 227 106       34   2
   449 228 106       34   2
   448 229 107       34   2
   447 230 108       34   2
   446 230 108       34   2
   446 231 108       34   2
   445 232 108       34   2
   444 233 108       34   2
   443 233 108       34   2
   443 234 108       34   2
   442 235 108       34   2
   441 236 108       34   2
   440 236 108       34   2
   440 237 109       34   2
   439 238 109       34   2
   438 239 110       34   2
   438 240 110       34   2
   438 241 110       34   2
   438 242 110       34   2
   437 243 110       34   2
   437 244 110       34   2
   437 245 110       34   2
   437 246 109       34   2
   437 247 109       34   2
   436 248 109       34   2
   435 249 108       34   2
   435 250 109       34   2
   435 251 109       34   2
   434 252 109       34   2
   434 253 110       34   2
   434 254 110       34   2
   434 255 110       34   2
   434 256 110       34   2
   434 257 110       34   2
   433 258 110       34   2
   433 259 110       34   2
   433 260 110       34   2
   432 261 110       34   2
   432 262 111       34   2
   431 263 111       34   2
   430 264 112       34   2
   430 265 113       34   2
   429 266 113       34   2
   428 267 113       34   2
   428 268 114       34   2
   428 269 114       34   2
   428 270 114       34   2
   428 271 114       34   2
   428 272 114       34   2
   427 273 114       34   2
   426 274 114       34   2
   426 275 115       34   2
   426 276 115       34   2
   425 277 115       34   2
   425 278 116       34   2
   425 279 116       34   2
   424 280 116       34   2
   424 281 117       34   2
   423 282 117       34   2
   422 283 117       34   2
   421 283 117       34   2
   421 284 118       34   2

#Segment 35 (Axon 2)
#count= 12
   421 284 118       35   2
   421 285 118       35   2
   420 286 118       35   2
   420 287 119       35   2
   420 288 119       35   2
   419 289 119       35   2
   419 290 120       35   2
   419 291 120       35   2
   419 292 120       35   2
   420 293 121       35   2
   420 294 121       35   2
   420 295 122       35   2

#Segment 36 (Axon 2)
#count= 19
   426 316 128       36   2
   427 315 127       36   2
   427 314 127       36   2
   427 313 126       36   2
   427 312 125       36   2
   427 311 125       36   2
   426 310 124       36   2
   425 309 124       36   2
   425 308 124       36   2
   424 307 123       36   2
   423 306 123       36   2
   423 305 123       36   2
   422 304 122       36   2
   421 303 122       36   2
   421 302 122       36   2
   420 301 121       36   2
   420 300 122       36   2
   420 299 122       36   2
   420 298 122       36   2

#Segment 37 (Axon 2)
#count= 51
   344 432 169       37   2
   345 432 169       37   2
   346 432 169       37   2
   347 432 169       37   2
   348 432 169       37   2
   349 431 168       37   2
   350 432 169       37   2
   351 432 169       37   2
   352 432 170       37   2
   353 433 171       37   2
   354 433 171       37   2
   355 433 171       37   2
   356 434 171       37   2
   357 434 171       37   2
   358 435 170       37   2
   359 436 171       37   2
   360 436 171       37   2
   361 436 171       37   2
   362 437 172       37   2
   363 437 172       37   2
   364 438 172       37   2
   365 439 173       37   2
   366 440 173       37   2
   367 441 173       37   2
   368 442 173       37   2
   369 442 173       37   2
   370 443 172       37   2
   371 444 173       37   2
   372 445 174       37   2
   373 446 175       37   2
   374 447 176       37   2
   375 447 177       37   2
   376 448 178       37   2
   376 448 179       37   2
   377 448 180       37   2
   378 449 181       37   2
   378 449 182       37   2
   379 449 183       37   2
   380 449 184       37   2
   381 449 185       37   2
   382 449 186       37   2
   383 449 187       37   2
   383 449 188       37   2
   384 448 189       37   2
   384 448 190       37   2
   384 448 191       37   2
   385 448 192       37   2
   386 447 193       37   2
   387 447 194       37   2
   387 446 195       37   2
   388 445 196       37   2

#Segment 38 (Axon 2)
#count= 33
   344 432 169       38   2
   345 433 170       38   2
   346 433 170       38   2
   347 433 170       38   2
   348 433 170       38   2
   349 433 170       38   2
   350 433 169       38   2
   351 434 170       38   2
   352 434 170       38   2
   353 434 170       38   2
   354 435 170       38   2
   355 435 170       38   2
   356 435 170       38   2
   357 436 170       38   2
   358 436 170       38   2
   359 437 170       38   2
   360 438 171       38   2
   361 438 171       38   2
   362 438 171       38   2
   363 439 172       38   2
   364 440 172       38   2
   365 441 173       38   2
   366 442 174       38   2
   367 442 174       38   2
   368 442 175       38   2
   369 443 176       38   2
   370 444 176       38   2
   371 445 176       38   2
   372 446 176       38   2
   372 447 175       38   2
   373 448 174       38   2
   374 449 175       38   2
   375 450 175       38   2

#Segment 39 (Axon 2)
#count= 20
   375 450 175       39   2
   375 449 176       39   2
   376 450 176       39   2
   377 451 176       39   2
   378 452 176       39   2
   379 453 176       39   2
   379 454 175       39   2
   379 455 175       39   2
   379 456 174       39   2
   379 457 173       39   2
   379 457 172       39   2
   378 458 171       39   2
   377 459 170       39   2
   376 460 169       39   2
   375 461 168       39   2
   374 461 167       39   2
   373 462 167       39   2
   372 462 166       39   2
   371 463 166       39   2
   370 463 165       39   2

#Segment 40 (Axon 2)
#count= 20
   375 450 175       40   2
   376 451 175       40   2
   377 452 175       40   2
   378 453 175       40   2
   379 454 175       40   2
   380 455 176       40   2
   380 456 176       40   2
   381 457 176       40   2
   382 458 177       40   2
   382 459 177       40   2
   383 460 177       40   2
   384 461 177       40   2
   385 462 177       40   2
   386 463 177       40   2
   387 464 178       40   2
   388 465 178       40   2
   389 466 178       40   2
   390 467 179       40   2
   391 468 179       40   2
   392 469 180       40   2
