# 3D trace file


#Segment 0 (Axon 1)
#count= 37
   252 269 104       0   1
   253 270 105       0   1
   253 271 105       0   1
   253 272 105       0   1
   253 273 106       0   1
   253 274 106       0   1
   253 275 106       0   1
   254 276 107       0   1
   254 277 107       0   1
   254 278 107       0   1
   254 279 108       0   1
   254 280 108       0   1
   254 281 108       0   1
   254 282 108       0   1
   253 283 107       0   1
   253 284 107       0   1
   253 285 107       0   1
   252 286 106       0   1
   252 287 106       0   1
   252 288 106       0   1
   252 289 105       0   1
   252 290 105       0   1
   252 291 105       0   1
   252 292 104       0   1
   252 293 104       0   1
   252 294 104       0   1
   252 295 103       0   1
   252 296 103       0   1
   252 297 103       0   1
   252 298 103       0   1
   252 299 103       0   1
   252 300 103       0   1
   251 301 103       0   1
   252 302 103       0   1
   252 303 103       0   1
   252 304 103       0   1
   252 305 103       0   1

#Segment 1 (Axon 1)
#count= 35
   252 305 103       1   1
   253 305 103       1   1
   254 305 102       1   1
   255 306 102       1   1
   255 307 102       1   1
   256 308 101       1   1
   257 309 101       1   1
   258 310 101       1   1
   259 311 101       1   1
   260 312 101       1   1
   261 312 101       1   1
   262 313 100       1   1
   263 314 100       1   1
   264 314 100       1   1
   265 315 100       1   1
   266 316 101       1   1
   267 316 101       1   1
   268 316 101       1   1
   269 317 101       1   1
   270 317 101       1   1
   271 317 101       1   1
   272 318 101       1   1
   273 318 101       1   1
   274 318 101       1   1
   275 319 101       1   1
   276 319 101       1   1
   277 319 100       1   1
   278 320 100       1   1
   279 320 100       1   1
   280 320 100       1   1
   281 320 100       1   1
   282 320 99       1   1
   283 320 98       1   1
   284 321 99       1   1
   285 321 99       1   1

#Segment 2 (Axon 1)
#count= 136
   285 321 99       2   1
   286 321 98       2   1
   286 320 97       2   1
   287 321 97       2   1
   288 321 97       2   1
   289 321 96       2   1
   290 322 96       2   1
   291 322 96       2   1
   292 322 96       2   1
   293 322 97       2   1
   294 322 97       2   1
   295 321 98       2   1
   296 321 98       2   1
   297 321 98       2   1
   298 321 98       2   1
   299 321 98       2   1
   300 321 98       2   1
   301 320 97       2   1
   302 320 97       2   1
   303 320 97       2   1
   304 319 96       2   1
   305 319 96       2   1
   306 319 96       2   1
   307 318 95       2   1
   308 318 95       2   1
   309 318 95       2   1
   310 317 94       2   1
   311 317 94       2   1
   312 317 94       2   1
   313 316 93       2   1
   314 316 93       2   1
   315 315 93       2   1
   316 314 92       2   1
   317 314 92       2   1
   318 313 92       2   1
   319 312 91       2   1
   320 312 91       2   1
   321 311 91       2   1
   322 310 90       2   1
   323 310 90       2   1
   324 309 90       2   1
   325 308 89       2   1
   326 308 89       2   1
   327 307 89       2   1
   328 306 88       2   1
   329 306 88       2   1
   330 306 87       2   1
   331 305 86       2   1
   332 305 86       2   1
   333 304 85       2   1
   334 303 84       2   1
   335 303 84       2   1
   336 302 84       2   1
   337 301 84       2   1
   337 300 83       2   1
   338 300 83       2   1
   339 299 82       2   1
   340 298 81       2   1
   341 297 81       2   1
   341 296 81       2   1
   342 295 81       2   1
   342 294 81       2   1
   343 293 81       2   1
   344 292 81       2   1
   344 291 80       2   1
   345 291 80       2   1
   346 290 80       2   1
   347 290 80       2   1
   348 289 79       2   1
   349 289 79       2   1
   350 289 79       2   1
   351 289 79       2   1
   352 288 78       2   1
   353 288 78       2   1
   354 287 77       2   1
   355 286 76       2   1
   356 286 76       2   1
   357 286 75       2   1
   358 285 74       2   1
   359 285 74       2   1
   360 285 73       2   1
   361 284 72       2   1
   362 284 72       2   1
   363 284 71       2   1
   364 283 70       2   1
   365 283 70       2   1
   366 282 69       2   1
   367 281 68       2   1
   368 281 68       2   1
   369 281 67       2   1
   370 281 66       2   1
   371 281 66       2   1
   372 281 66       2   1
   373 281 65       2   1
   374 281 65       2   1
   375 281 64       2   1
   376 281 63       2   1
   376 281 62       2   1
   377 281 62       2   1
   378 281 61       2   1
   379 281 60       2   1
   380 281 59       2   1
   381 281 58       2   1
   382 281 57       2   1
   382 281 56       2   1
   383 281 56       2   1
   384 281 55       2   1
   385 280 54       2   1
   386 280 54       2   1
   387 280 53       2   1
   388 280 52       2   1
   388 279 51       2   1
   389 279 51       2   1
   390 279 50       2   1
   391 278 49       2   1
   392 278 49       2   1
   393 278 48       2   1
   394 277 47       2   1
   395 276 46       2   1
   396 276 45       2   1
   396 275 44       2   1
   397 275 44       2   1
   398 274 43       2   1
   399 273 42       2   1
   400 273 42       2   1
   401 272 41       2   1
   402 271 40       2   1
   403 271 39       2   1
   404 271 38       2   1
   404 271 37       2   1
   405 270 36       2   1
   406 269 35       2   1
   407 268 34       2   1
   408 267 33       2   1
   409 266 33       2   1
   409 265 33       2   1

#Segment 3 (Axon 1)
#count= 16
   409 265 33       3   1
   409 265 34       3   1
   410 265 34       3   1
   411 264 33       3   1
   412 263 32       3   1
   413 263 31       3   1
   413 263 30       3   1
   414 263 29       3   1
   414 263 28       3   1
   415 263 28       3   1
   416 263 27       3   1
   417 263 26       3   1
   417 262 25       3   1
   418 262 25       3   1
   419 261 24       3   1
   420 260 23       3   1

#Segment 4 (Axon 1)
#count= 34
   409 265 33       4   1
   408 264 32       4   1
   409 264 31       4   1
   410 264 30       4   1
   410 263 29       4   1
   411 263 29       4   1
   412 263 28       4   1
   413 262 27       4   1
   414 262 27       4   1
   415 262 26       4   1
   416 261 25       4   1
   417 261 25       4   1
   418 260 24       4   1
   419 259 23       4   1
   420 259 23       4   1
   421 258 22       4   1
   422 257 21       4   1
   423 257 21       4   1
   424 257 21       4   1
   425 256 20       4   1
   426 256 20       4   1
   427 256 19       4   1
   428 255 18       4   1
   429 255 18       4   1
   430 254 18       4   1
   431 253 17       4   1
   432 253 17       4   1
   433 253 16       4   1
   434 253 15       4   1
   434 252 14       4   1
   435 252 14       4   1
   436 252 13       4   1
   437 252 12       4   1
   437 252 11       4   1

#Segment 5 (Axon 1)
#count= 124
   285 321 99       5   1
   286 322 99       5   1
   287 323 100       5   1
   288 323 100       5   1
   289 324 100       5   1
   290 325 101       5   1
   291 325 101       5   1
   292 326 101       5   1
   293 327 102       5   1
   294 327 102       5   1
   295 328 102       5   1
   296 329 103       5   1
   297 329 103       5   1
   298 329 103       5   1
   299 330 104       5   1
   300 330 104       5   1
   301 331 104       5   1
   302 332 105       5   1
   303 332 105       5   1
   304 332 105       5   1
   305 333 105       5   1
   306 333 105       5   1
   307 333 105       5   1
   308 334 105       5   1
   309 334 105       5   1
   310 334 105       5   1
   311 334 105       5   1
   312 334 105       5   1
   313 334 105       5   1
   314 335 105       5   1
   315 335 105       5   1
   316 335 105       5   1
   317 336 105       5   1
   318 336 105       5   1
   319 336 105       5   1
   320 337 105       5   1
   321 337 105       5   1
   322 337 105       5   1
   323 337 106       5   1
   324 337 106       5   1
   325 337 106       5   1
   326 337 106       5   1
   327 337 106       5   1
   328 337 106       5   1
   329 337 106       5   1
   330 337 106       5   1
   331 337 106       5   1
   332 337 106       5   1
   333 337 106       5   1
   334 337 106       5   1
   335 338 106       5   1
   336 338 106       5   1
   337 338 106       5   1
   338 338 106       5   1
   339 338 106       5   1
   340 337 105       5   1
   341 338 105       5   1
   342 338 105       5   1
   343 338 105       5   1
   344 338 105       5   1
   345 338 105       5   1
   346 338 105       5   1
   347 338 105       5   1
   348 339 105       5   1
   349 339 105       5   1
   350 340 105       5   1
   351 341 105       5   1
   352 341 105       5   1
   353 341 105       5   1
   354 342 105       5   1
   355 342 105       5   1
   356 342 105       5   1
   357 343 105       5   1
   358 343 105       5   1
   359 344 104       5   1
   360 345 104       5   1
   361 345 104       5   1
   362 345 104       5   1
   363 346 104       5   1
   364 346 104       5   1
   365 346 104       5   1
   366 347 104       5   1
   367 347 104       5   1
   368 348 103       5   1
   369 349 103       5   1
   370 349 102       5   1
   371 349 101       5   1
   372 350 101       5   1
   373 350 101       5   1
   374 350 101       5   1
   375 351 101       5   1
   376 351 101       5   1
   377 352 100       5   1
   378 353 101       5   1
   379 353 101       5   1
   380 353 102       5   1
   381 354 103       5   1
   382 354 103       5   1
   383 354 103       5   1
   384 355 103       5   1
   385 355 103       5   1
   386 355 103       5   1
   387 355 102       5   1
   388 356 102       5   1
   389 356 102       5   1
   390 357 102       5   1
   391 358 102       5   1
   392 358 102       5   1
   393 359 102       5   1
   394 360 102       5   1
   395 360 102       5   1
   396 361 102       5   1
   397 362 102       5   1
   398 362 102       5   1
   399 363 102       5   1
   400 364 102       5   1
   401 364 102       5   1
   402 364 102       5   1
   403 364 102       5   1
   404 364 102       5   1
   405 364 102       5   1
   406 364 103       5   1
   407 364 103       5   1
   408 363 103       5   1

#Segment 6 (Axon 1)
#count= 75
   252 305 103       6   1
   252 306 103       6   1
   252 307 102       6   1
   253 308 102       6   1
   253 309 102       6   1
   254 310 102       6   1
   254 311 102       6   1
   254 312 102       6   1
   254 313 101       6   1
   254 314 101       6   1
   254 315 101       6   1
   254 316 101       6   1
   254 317 101       6   1
   254 318 101       6   1
   254 319 101       6   1
   254 320 102       6   1
   254 321 102       6   1
   254 322 102       6   1
   254 323 102       6   1
   254 324 101       6   1
   254 325 100       6   1
   254 326 100       6   1
   254 327 100       6   1
   254 328 100       6   1
   254 329 100       6   1
   254 330 100       6   1
   254 331 100       6   1
   254 332 100       6   1
   254 333 100       6   1
   254 334 99       6   1
   255 335 99       6   1
   255 336 99       6   1
   255 337 98       6   1
   255 338 99       6   1
   255 339 99       6   1
   255 340 99       6   1
   255 341 99       6   1
   255 342 99       6   1
   254 343 99       6   1
   254 344 100       6   1
   254 345 100       6   1
   253 346 100       6   1
   253 347 100       6   1
   253 348 100       6   1
   253 349 99       6   1
   253 350 99       6   1
   253 351 98       6   1
   252 352 97       6   1
   252 353 97       6   1
   252 354 97       6   1
   251 355 96       6   1
   251 356 96       6   1
   251 357 96       6   1
   250 358 96       6   1
   250 359 96       6   1
   250 360 96       6   1
   249 361 96       6   1
   249 362 96       6   1
   249 363 96       6   1
   249 364 96       6   1
   249 365 96       6   1
   249 366 96       6   1
   249 367 96       6   1
   249 368 96       6   1
   249 369 96       6   1
   249 370 96       6   1
   249 371 96       6   1
   249 372 96       6   1
   249 373 96       6   1
   249 374 96       6   1
   249 375 96       6   1
   249 376 96       6   1
   249 377 97       6   1
   249 378 97       6   1
   248 379 97       6   1


#Segment 7 (Axon 2)
#count= 12
   232 251 93       7   2
   232 252 94       7   2
   231 253 94       7   2
   230 254 95       7   2
   229 254 95       7   2
   228 255 96       7   2
   227 256 96       7   2
   226 257 96       7   2
   225 257 96       7   2
   224 258 97       7   2
   223 259 97       7   2
   222 260 97       7   2

#Segment 8 (Axon 2)
#count= 28
   222 260 97       8   2
   223 261 98       8   2
   223 261 99       8   2
   224 262 100       8   2
   225 263 101       8   2
   225 263 102       8   2
   225 263 103       8   2
   225 263 102       8   2
   225 263 101       8   2
   225 263 100       8   2
   225 263 99       8   2
   225 263 98       8   2
   226 264 97       8   2
   226 265 96       8   2
   226 265 95       8   2
   227 266 95       8   2
   228 266 94       8   2
   229 266 93       8   2
   230 266 93       8   2
   231 265 93       8   2
   232 264 93       8   2
   232 263 92       8   2
   233 262 92       8   2
   234 261 92       8   2
   234 260 91       8   2
   235 259 90       8   2
   236 258 90       8   2
   236 257 89       8   2

#Segment 9 (Axon 2)
#count= 13
   222 260 97       9   2
   221 260 97       9   2
   220 261 98       9   2
   219 262 98       9   2
   218 263 98       9   2
   217 263 98       9   2
   216 264 98       9   2
   215 264 98       9   2
   214 264 97       9   2
   213 265 96       9   2
   212 265 96       9   2
   211 265 95       9   2
   210 265 95       9   2

#Segment 10 (Axon 2)
#count= 94
   210 265 95       10   2
   210 265 94       10   2
   209 266 94       10   2
   208 266 94       10   2
   207 266 94       10   2
   206 266 94       10   2
   206 267 94       10   2
   206 268 93       10   2
   206 269 93       10   2
   206 270 92       10   2
   206 271 93       10   2
   205 272 93       10   2
   204 273 93       10   2
   204 274 93       10   2
   204 275 92       10   2
   204 276 91       10   2
   203 276 90       10   2
   203 277 91       10   2
   203 278 91       10   2
   202 279 91       10   2
   202 280 91       10   2
   202 281 90       10   2
   201 282 89       10   2
   201 283 89       10   2
   201 284 89       10   2
   200 285 88       10   2
   200 286 88       10   2
   200 287 87       10   2
   199 288 86       10   2
   199 289 86       10   2
   199 290 86       10   2
   198 291 85       10   2
   199 292 85       10   2
   199 293 85       10   2
   199 294 85       10   2
   199 295 85       10   2
   199 296 85       10   2
   199 297 84       10   2
   199 298 84       10   2
   199 299 84       10   2
   199 300 83       10   2
   199 301 83       10   2
   198 302 83       10   2
   197 303 83       10   2
   197 304 83       10   2
   197 305 83       10   2
   196 306 83       10   2
   196 307 83       10   2
   196 308 83       10   2
   196 309 83       10   2
   196 310 83       10   2
   196 311 83       10   2
   195 312 83       10   2
   195 313 83       10   2
   195 314 83       10   2
   194 315 82       10   2
   194 316 82       10   2
   194 317 82       10   2
   194 318 82       10   2
   194 319 82       10   2
   194 320 82       10   2
   193 321 81       10   2
   193 322 81       10   2
   193 323 81       10   2
   193 324 81       10   2
   193 325 81       10   2
   193 326 81       10   2
   192 327 80       10   2
   192 328 80       10   2
   192 329 79       10   2
   191 330 78       10   2
   191 331 78       10   2
   191 332 78       10   2
   190 333 77       10   2
   190 334 77       10   2
   190 335 76       10   2
   190 336 75       10   2
   190 337 76       10   2
   189 338 76       10   2
   188 339 76       10   2
   188 340 76       10   2
   188 341 76       10   2
   187 342 75       10   2
   187 343 75       10   2
   186 344 75       10   2
   185 345 75       10   2
   185 346 75       10   2
   185 347 75       10   2
   185 348 75       10   2
   184 349 74       10   2
   183 350 74       10   2
   182 351 73       10   2
   181 352 73       10   2
   180 352 72       10   2

#Segment 11 (Axon 2)
#count= 152
   210 265 95       11   2
   209 265 95       11   2
   208 264 94       11   2
   207 264 94       11   2
   206 264 94       11   2
   205 263 94       11   2
   204 262 94       11   2
   203 262 94       11   2
   202 261 93       11   2
   201 261 93       11   2
   200 261 93       11   2
   199 260 92       11   2
   198 260 92       11   2
   197 260 92       11   2
   196 259 91       11   2
   195 259 91       11   2
   194 259 91       11   2
   193 258 90       11   2
   192 258 90       11   2
   191 258 90       11   2
   190 258 89       11   2
   189 258 89       11   2
   188 258 89       11   2
   187 257 88       11   2
   186 257 88       11   2
   185 257 88       11   2
   184 256 87       11   2
   183 256 87       11   2
   182 256 87       11   2
   181 255 86       11   2
   180 255 86       11   2
   179 255 86       11   2
   178 255 86       11   2
   177 255 86       11   2
   176 255 86       11   2
   175 254 86       11   2
   174 254 86       11   2
   173 254 86       11   2
   172 254 86       11   2
   171 254 86       11   2
   170 254 86       11   2
   169 253 85       11   2
   168 253 85       11   2
   167 253 85       11   2
   166 253 84       11   2
   165 253 84       11   2
   164 253 84       11   2
   163 252 84       11   2
   162 252 84       11   2
   161 252 84       11   2
   160 251 83       11   2
   159 251 83       11   2
   158 251 83       11   2
   157 251 83       11   2
   156 251 82       11   2
   155 250 82       11   2
   154 250 82       11   2
   153 249 82       11   2
   152 248 82       11   2
   151 248 82       11   2
   150 247 81       11   2
   149 246 81       11   2
   148 246 81       11   2
   147 245 80       11   2
   146 245 80       11   2
   145 245 80       11   2
   144 244 79       11   2
   143 244 79       11   2
   142 244 79       11   2
   141 243 78       11   2
   140 243 78       11   2
   139 243 78       11   2
   138 243 78       11   2
   137 242 77       11   2
   136 241 77       11   2
   135 241 77       11   2
   134 240 76       11   2
   133 239 76       11   2
   132 239 76       11   2
   131 238 75       11   2
   130 237 75       11   2
   129 237 75       11   2
   128 236 74       11   2
   127 235 73       11   2
   126 235 73       11   2
   125 234 72       11   2
   124 233 73       11   2
   123 233 73       11   2
   122 232 73       11   2
   121 231 73       11   2
   120 231 73       11   2
   119 230 73       11   2
   118 230 73       11   2
   117 230 73       11   2
   116 229 72       11   2
   115 229 72       11   2
   114 229 72       11   2
   113 228 71       11   2
   112 228 71       11   2
   111 228 71       11   2
   110 227 70       11   2
   109 227 70       11   2
   108 227 70       11   2
   107 227 70       11   2
   106 226 69       11   2
   105 225 69       11   2
   104 225 69       11   2
   103 224 68       11   2
   102 224 68       11   2
   101 224 68       11   2
   100 223 67       11   2
   99 223 67       11   2
   98 223 67       11   2
   97 222 66       11   2
   96 222 66       11   2
   95 222 66       11   2
   94 221 65       11   2
   93 221 65       11   2
   92 221 65       11   2
   91 220 65       11   2
   90 220 65       11   2
   89 220 65       11   2
   88 220 64       11   2
   87 220 64       11   2
   86 220 64       11   2
   85 219 64       11   2
   84 219 64       11   2
   83 219 64       11   2
   82 219 64       11   2
   81 218 64       11   2
   80 217 64       11   2
   79 217 64       11   2
   78 216 63       11   2
   77 215 63       11   2
   76 215 63       11   2
   75 214 63       11   2
   74 214 63       11   2
   73 214 63       11   2
   72 213 62       11   2
   71 213 62       11   2
   70 213 62       11   2
   69 212 62       11   2
   68 212 62       11   2
   67 212 62       11   2
   66 211 61       11   2
   65 211 61       11   2
   64 211 61       11   2
   63 211 61       11   2
   62 211 61       11   2
   61 211 61       11   2
   60 210 61       11   2
   59 210 61       11   2

#Segment 12 (Axon 2)
#count= 53
   59 210 61       12   2
   59 211 62       12   2
   58 211 63       12   2
   57 211 63       12   2
   56 211 63       12   2
   55 211 64       12   2
   54 211 65       12   2
   53 211 65       12   2
   52 211 66       12   2
   51 211 66       12   2
   50 211 66       12   2
   49 211 66       12   2
   48 211 66       12   2
   47 211 66       12   2
   46 210 67       12   2
   45 210 68       12   2
   44 209 68       12   2
   43 209 69       12   2
   42 209 69       12   2
   41 208 69       12   2
   40 208 70       12   2
   39 208 71       12   2
   38 207 71       12   2
   37 207 72       12   2
   36 207 72       12   2
   35 206 72       12   2
   34 206 72       12   2
   33 206 72       12   2
   32 205 72       12   2
   31 205 73       12   2
   30 205 74       12   2
   29 204 74       12   2
   28 203 75       12   2
   27 203 76       12   2
   26 202 76       12   2
   25 201 77       12   2
   24 201 78       12   2
   23 200 78       12   2
   22 200 79       12   2
   21 200 80       12   2
   20 199 80       12   2
   19 198 81       12   2
   18 197 82       12   2
   18 197 83       12   2
   17 197 84       12   2
   16 196 85       12   2
   15 195 86       12   2
   14 195 87       12   2
   13 194 87       12   2
   13 194 88       12   2
   12 194 89       12   2
   11 194 90       12   2
   10 193 90       12   2

#Segment 13 (Axon 2)
#count= 37
   59 210 61       13   2
   58 210 61       13   2
   57 209 60       13   2
   56 208 60       13   2
   55 208 60       13   2
   54 207 60       13   2
   53 207 60       13   2
   52 207 60       13   2
   51 206 59       13   2
   50 206 59       13   2
   49 206 59       13   2
   48 205 58       13   2
   47 205 58       13   2
   46 205 58       13   2
   45 204 58       13   2
   44 203 59       13   2
   43 203 59       13   2
   42 202 59       13   2
   41 202 59       13   2
   40 202 59       13   2
   39 202 59       13   2
   38 202 59       13   2
   37 202 59       13   2
   36 201 58       13   2
   35 201 58       13   2
   34 201 58       13   2
   33 200 58       13   2
   32 200 57       13   2
   31 200 57       13   2
   30 199 56       13   2
   29 199 56       13   2
   28 199 56       13   2
   27 199 56       13   2
   26 199 55       13   2
   25 199 55       13   2
   24 199 55       13   2
   23 198 54       13   2


#Segment 14 (Axon 3)
#count= 125
   269 239 103       14   3
   270 239 104       14   3
   271 239 104       14   3
   272 238 104       14   3
   273 238 104       14   3
   274 237 104       14   3
   275 237 105       14   3
   276 237 105       14   3
   277 236 105       14   3
   278 236 105       14   3
   279 235 105       14   3
   280 235 105       14   3
   281 234 105       14   3
   282 233 104       14   3
   283 233 104       14   3
   284 233 104       14   3
   285 232 103       14   3
   286 232 103       14   3
   287 232 103       14   3
   288 231 102       14   3
   289 231 102       14   3
   290 231 102       14   3
   291 230 101       14   3
   292 230 101       14   3
   293 230 101       14   3
   294 229 101       14   3
   295 229 101       14   3
   296 229 101       14   3
   297 229 100       14   3
   298 229 100       14   3
   299 229 100       14   3
   300 228 99       14   3
   301 228 99       14   3
   302 228 99       14   3
   303 227 98       14   3
   304 227 98       14   3
   305 227 98       14   3
   306 226 97       14   3
   307 226 97       14   3
   308 226 97       14   3
   309 226 96       14   3
   310 226 96       14   3
   311 226 96       14   3
   312 225 96       14   3
   313 225 96       14   3
   314 225 96       14   3
   315 224 95       14   3
   316 224 95       14   3
   317 224 95       14   3
   318 223 94       14   3
   319 223 94       14   3
   320 223 94       14   3
   321 223 93       14   3
   322 223 93       14   3
   323 223 93       14   3
   324 223 93       14   3
   325 222 92       14   3
   326 222 92       14   3
   327 221 92       14   3
   328 220 92       14   3
   329 220 92       14   3
   330 219 91       14   3
   331 218 90       14   3
   332 218 90       14   3
   333 217 89       14   3
   334 216 89       14   3
   334 215 88       14   3
   335 215 88       14   3
   336 214 87       14   3
   337 213 86       14   3
   338 213 86       14   3
   339 212 86       14   3
   340 211 85       14   3
   341 211 85       14   3
   342 210 84       14   3
   343 209 83       14   3
   344 209 83       14   3
   345 208 82       14   3
   346 207 81       14   3
   347 206 81       14   3
   347 205 80       14   3
   348 204 80       14   3
   348 203 79       14   3
   349 203 79       14   3
   350 202 78       14   3
   351 201 77       14   3
   352 201 77       14   3
   353 200 76       14   3
   354 199 75       14   3
   355 199 75       14   3
   356 198 74       14   3
   357 197 73       14   3
   358 197 72       14   3
   358 197 71       14   3
   358 196 70       14   3
   359 195 69       14   3
   360 194 68       14   3
   361 194 68       14   3
   362 193 68       14   3
   363 192 68       14   3
   363 191 68       14   3
   364 191 68       14   3
   365 190 68       14   3
   366 189 68       14   3
   366 188 67       14   3
   367 188 67       14   3
   368 187 67       14   3
   369 186 67       14   3
   369 185 66       14   3
   370 184 65       14   3
   371 183 64       14   3
   372 183 64       14   3
   373 182 64       14   3
   374 182 64       14   3
   375 181 63       14   3
   376 181 63       14   3
   377 180 63       14   3
   378 179 63       14   3
   378 178 63       14   3
   379 177 63       14   3
   380 176 63       14   3
   380 175 62       14   3
   381 174 61       14   3
   381 173 61       14   3
   381 172 60       14   3

#Segment 15 (Axon 3)
#count= 56
   381 172 60       15   3
   380 171 61       15   3
   380 170 61       15   3
   379 169 61       15   3
   378 168 62       15   3
   377 167 62       15   3
   376 166 62       15   3
   377 165 61       15   3
   377 164 61       15   3
   377 163 60       15   3
   377 162 59       15   3
   377 161 59       15   3
   376 160 58       15   3
   377 159 57       15   3
   377 158 57       15   3
   377 157 56       15   3
   378 156 56       15   3
   379 155 56       15   3
   379 154 56       15   3
   380 153 56       15   3
   381 152 56       15   3
   381 151 56       15   3
   382 150 56       15   3
   382 149 56       15   3
   382 148 55       15   3
   383 147 55       15   3
   384 146 55       15   3
   384 145 54       15   3
   385 144 54       15   3
   385 143 54       15   3
   385 142 53       15   3
   386 141 53       15   3
   386 140 53       15   3
   386 139 52       15   3
   386 138 52       15   3
   386 137 52       15   3
   386 136 52       15   3
   386 135 52       15   3
   386 134 51       15   3
   386 133 51       15   3
   386 132 50       15   3
   387 131 49       15   3
   388 130 49       15   3
   388 129 48       15   3
   389 128 47       15   3
   389 127 47       15   3
   389 126 46       15   3
   390 125 46       15   3
   391 124 46       15   3
   391 123 46       15   3
   392 122 46       15   3
   393 121 46       15   3
   393 120 46       15   3
   394 119 47       15   3
   395 118 47       15   3
   395 117 47       15   3

#Segment 16 (Axon 3)
#count= 98
   381 172 60       16   3
   382 172 60       16   3
   383 171 60       16   3
   384 170 60       16   3
   384 169 59       16   3
   385 169 58       16   3
   385 169 57       16   3
   385 168 56       16   3
   386 168 56       16   3
   387 168 55       16   3
   388 167 54       16   3
   389 167 53       16   3
   390 167 52       16   3
   391 167 51       16   3
   391 167 50       16   3
   392 167 50       16   3
   393 167 50       16   3
   394 167 49       16   3
   395 167 49       16   3
   396 167 49       16   3
   397 166 48       16   3
   398 166 48       16   3
   399 166 48       16   3
   400 165 48       16   3
   401 165 48       16   3
   402 165 48       16   3
   403 165 47       16   3
   404 165 47       16   3
   405 164 47       16   3
   406 163 46       16   3
   407 163 46       16   3
   408 162 46       16   3
   409 161 45       16   3
   410 161 45       16   3
   411 160 45       16   3
   412 159 45       16   3
   413 159 45       16   3
   414 159 45       16   3
   415 158 44       16   3
   416 158 44       16   3
   417 157 43       16   3
   418 156 42       16   3
   419 156 42       16   3
   420 155 41       16   3
   421 154 40       16   3
   422 154 40       16   3
   423 153 40       16   3
   424 152 39       16   3
   425 152 39       16   3
   426 152 38       16   3
   427 151 37       16   3
   428 151 37       16   3
   429 151 37       16   3
   430 150 37       16   3
   431 150 37       16   3
   432 149 36       16   3
   433 148 35       16   3
   434 149 35       16   3
   435 149 34       16   3
   436 149 33       16   3
   437 149 33       16   3
   438 149 33       16   3
   439 148 32       16   3
   440 148 32       16   3
   441 148 31       16   3
   442 148 30       16   3
   443 148 30       16   3
   444 148 30       16   3
   445 147 30       16   3
   446 147 30       16   3
   447 146 30       16   3
   448 145 30       16   3
   449 145 30       16   3
   450 145 30       16   3
   451 144 29       16   3
   452 144 29       16   3
   453 144 29       16   3
   454 144 29       16   3
   455 144 29       16   3
   456 143 28       16   3
   457 142 27       16   3
   458 142 27       16   3
   459 141 26       16   3
   460 140 25       16   3
   461 140 25       16   3
   462 140 25       16   3
   463 140 24       16   3
   464 140 24       16   3
   465 139 24       16   3
   466 138 23       16   3
   467 138 23       16   3
   468 138 23       16   3
   469 138 23       16   3
   470 137 22       16   3
   471 137 22       16   3
   472 136 22       16   3
   473 135 22       16   3
   473 134 21       16   3


#Segment 17 (Axon 4)
#count= 83
   266 259 98       17   4
   267 260 99       17   4
   268 260 99       17   4
   269 261 99       17   4
   270 261 99       17   4
   271 262 100       17   4
   272 262 100       17   4
   273 262 100       17   4
   274 263 101       17   4
   275 263 101       17   4
   276 264 101       17   4
   277 265 102       17   4
   278 265 102       17   4
   279 265 102       17   4
   280 265 102       17   4
   281 265 102       17   4
   282 265 101       17   4
   283 266 101       17   4
   284 266 101       17   4
   285 266 101       17   4
   286 267 101       17   4
   287 267 100       17   4
   288 267 99       17   4
   289 267 99       17   4
   290 267 99       17   4
   291 267 98       17   4
   292 267 98       17   4
   293 267 97       17   4
   294 267 96       17   4
   295 267 96       17   4
   296 267 96       17   4
   297 267 95       17   4
   298 267 95       17   4
   299 267 95       17   4
   300 267 94       17   4
   301 268 94       17   4
   302 268 94       17   4
   303 268 93       17   4
   304 268 93       17   4
   305 268 93       17   4
   306 267 92       17   4
   307 267 92       17   4
   308 267 92       17   4
   309 266 91       17   4
   310 266 91       17   4
   311 266 90       17   4
   312 266 89       17   4
   313 266 89       17   4
   314 265 89       17   4
   315 264 89       17   4
   316 264 89       17   4
   317 264 89       17   4
   318 263 89       17   4
   319 263 89       17   4
   320 263 89       17   4
   321 262 88       17   4
   322 262 88       17   4
   323 262 88       17   4
   324 261 87       17   4
   325 261 87       17   4
   326 261 87       17   4
   327 260 86       17   4
   328 260 86       17   4
   329 260 86       17   4
   330 259 85       17   4
   331 259 85       17   4
   332 259 84       17   4
   333 258 83       17   4
   334 258 83       17   4
   335 258 83       17   4
   336 257 82       17   4
   337 257 82       17   4
   338 257 82       17   4
   339 257 81       17   4
   340 257 81       17   4
   341 256 81       17   4
   342 255 80       17   4
   343 255 80       17   4
   344 255 80       17   4
   345 255 80       17   4
   346 255 80       17   4
   347 255 80       17   4
   348 254 79       17   4

#Segment 18 (Axon 4)
#count= 25
   348 254 79       18   4
   347 254 78       18   4
   348 254 78       18   4
   349 254 78       18   4
   350 253 77       18   4
   351 253 77       18   4
   352 253 76       18   4
   353 253 75       18   4
   353 252 74       18   4
   354 253 74       18   4
   355 253 74       18   4
   356 253 74       18   4
   357 254 74       18   4
   357 255 74       18   4
   358 256 74       18   4
   358 257 73       18   4
   359 258 73       18   4
   360 258 73       18   4
   361 259 73       18   4
   362 260 73       18   4
   363 260 73       18   4
   364 261 73       18   4
   365 262 73       18   4
   366 262 73       18   4
   367 262 72       18   4

#Segment 19 (Axon 4)
#count= 113
   348 254 79       19   4
   349 254 79       19   4
   350 254 79       19   4
   351 254 78       19   4
   352 255 78       19   4
   353 255 77       19   4
   354 256 76       19   4
   355 257 76       19   4
   356 257 76       19   4
   357 258 75       19   4
   358 259 75       19   4
   359 259 75       19   4
   360 259 74       19   4
   361 260 74       19   4
   362 260 74       19   4
   363 260 73       19   4
   364 260 73       19   4
   365 260 73       19   4
   366 260 72       19   4
   367 261 72       19   4
   368 261 71       19   4
   369 262 70       19   4
   370 263 70       19   4
   371 263 70       19   4
   372 264 69       19   4
   373 265 69       19   4
   374 265 69       19   4
   375 265 68       19   4
   376 266 68       19   4
   377 266 68       19   4
   378 267 67       19   4
   379 268 67       19   4
   380 268 67       19   4
   381 269 66       19   4
   382 270 66       19   4
   383 270 65       19   4
   384 271 64       19   4
   385 272 64       19   4
   386 272 63       19   4
   387 273 63       19   4
   388 273 62       19   4
   389 274 62       19   4
   390 275 61       19   4
   391 276 60       19   4
   392 277 60       19   4
   393 278 59       19   4
   394 279 58       19   4
   395 280 58       19   4
   396 281 57       19   4
   397 282 56       19   4
   398 283 56       19   4
   399 284 56       19   4
   400 285 55       19   4
   401 286 55       19   4
   402 287 54       19   4
   403 288 53       19   4
   403 289 52       19   4
   404 290 52       19   4
   405 290 51       19   4
   406 291 50       19   4
   407 292 50       19   4
   408 292 49       19   4
   409 293 48       19   4
   410 294 47       19   4
   411 295 46       19   4
   411 295 45       19   4
   412 296 45       19   4
   413 296 44       19   4
   414 297 43       19   4
   415 298 43       19   4
   416 298 42       19   4
   417 299 41       19   4
   418 300 41       19   4
   419 300 40       19   4
   420 301 39       19   4
   421 302 39       19   4
   422 302 38       19   4
   423 303 37       19   4
   424 304 37       19   4
   425 304 36       19   4
   426 304 35       19   4
   427 305 35       19   4
   428 305 34       19   4
   429 306 33       19   4
   429 306 32       19   4
   430 307 32       19   4
   431 308 32       19   4
   432 309 31       19   4
   433 310 31       19   4
   434 310 31       19   4
   435 311 31       19   4
   436 312 31       19   4
   437 312 31       19   4
   438 313 30       19   4
   439 314 29       19   4
   440 315 28       19   4
   440 315 27       19   4
   441 316 26       19   4
   442 317 25       19   4
   442 317 24       19   4
   443 318 23       19   4
   444 319 22       19   4
   444 319 21       19   4
   445 320 21       19   4
   446 320 20       19   4
   447 320 19       19   4
   448 320 18       19   4
   449 321 17       19   4
   449 322 16       19   4
   449 322 15       19   4
   450 323 14       19   4
   451 323 13       19   4
   451 323 12       19   4


#Segment 20 (Axon 5)
#count= 77
   263 230 129       20   5
   264 230 130       20   5
   264 229 131       20   5
   265 228 132       20   5
   265 227 132       20   5
   266 226 133       20   5
   266 225 134       20   5
   266 224 134       20   5
   267 223 135       20   5
   267 222 136       20   5
   267 221 136       20   5
   268 220 137       20   5
   268 219 138       20   5
   268 218 138       20   5
   269 217 139       20   5
   270 216 139       20   5
   270 215 139       20   5
   271 214 140       20   5
   272 213 141       20   5
   272 212 141       20   5
   273 211 142       20   5
   273 210 142       20   5
   273 209 142       20   5
   274 208 143       20   5
   274 207 143       20   5
   274 206 143       20   5
   275 205 144       20   5
   275 204 144       20   5
   275 203 144       20   5
   276 202 144       20   5
   277 201 144       20   5
   277 200 144       20   5
   278 199 145       20   5
   278 198 146       20   5
   278 197 146       20   5
   279 196 147       20   5
   279 195 147       20   5
   279 194 147       20   5
   280 193 147       20   5
   280 192 147       20   5
   280 191 147       20   5
   281 190 147       20   5
   281 189 147       20   5
   281 188 147       20   5
   282 187 147       20   5
   282 186 147       20   5
   282 185 146       20   5
   283 184 147       20   5
   283 183 147       20   5
   283 182 147       20   5
   284 181 148       20   5
   284 180 148       20   5
   284 179 148       20   5
   285 178 148       20   5
   285 177 148       20   5
   285 176 148       20   5
   286 175 149       20   5
   287 174 149       20   5
   287 173 149       20   5
   288 172 150       20   5
   288 171 150       20   5
   288 170 150       20   5
   289 169 151       20   5
   290 168 152       20   5
   290 167 152       20   5
   291 166 153       20   5
   291 165 153       20   5
   291 164 153       20   5
   292 163 154       20   5
   292 162 154       20   5
   292 161 154       20   5
   293 160 155       20   5
   294 159 155       20   5
   294 158 155       20   5
   294 157 155       20   5
   294 156 155       20   5
   293 155 155       20   5


#Segment 21 (Axon 6)
#count= 88
   245 251 131       21   6
   245 252 132       21   6
   244 252 133       21   6
   244 252 134       21   6
   243 252 135       21   6
   243 252 136       21   6
   242 252 137       21   6
   241 252 138       21   6
   240 252 139       21   6
   240 253 140       21   6
   239 253 141       21   6
   239 253 142       21   6
   238 253 143       21   6
   238 253 144       21   6
   237 253 145       21   6
   236 253 146       21   6
   235 253 147       21   6
   235 254 148       21   6
   234 254 149       21   6
   233 254 150       21   6
   232 255 151       21   6
   231 255 152       21   6
   230 255 152       21   6
   229 256 153       21   6
   228 257 154       21   6
   227 257 154       21   6
   226 258 155       21   6
   225 259 156       21   6
   224 259 156       21   6
   223 260 157       21   6
   222 260 158       21   6
   221 260 158       21   6
   220 261 159       21   6
   219 262 160       21   6
   218 262 160       21   6
   217 263 161       21   6
   216 263 162       21   6
   215 263 162       21   6
   214 264 163       21   6
   213 265 164       21   6
   212 265 164       21   6
   212 266 165       21   6
   211 266 166       21   6
   210 266 167       21   6
   209 266 168       21   6
   208 266 169       21   6
   207 266 169       21   6
   206 266 169       21   6
   205 267 170       21   6
   204 267 171       21   6
   203 267 171       21   6
   202 268 172       21   6
   201 268 173       21   6
   200 268 173       21   6
   199 269 174       21   6
   198 269 175       21   6
   197 269 175       21   6
   197 270 176       21   6
   196 270 177       21   6
   195 270 178       21   6
   194 270 179       21   6
   194 271 180       21   6
   193 271 181       21   6
   192 271 182       21   6
   192 271 183       21   6
   191 271 184       21   6
   190 271 185       21   6
   190 271 186       21   6
   189 271 187       21   6
   188 270 188       21   6
   188 271 189       21   6
   187 271 190       21   6
   186 271 191       21   6
   186 271 192       21   6
   185 271 193       21   6
   184 271 194       21   6
   183 271 194       21   6
   183 271 195       21   6
   182 271 196       21   6
   181 271 197       21   6
   180 271 197       21   6
   180 271 198       21   6
   179 271 199       21   6
   178 271 200       21   6
   177 271 200       21   6
   177 272 201       21   6
   176 272 202       21   6
   175 272 203       21   6


#Segment 22 (Axon 7)
#count= 102
   265 240 131       22   7
   266 241 132       22   7
   267 241 133       22   7
   268 241 134       22   7
   269 241 135       22   7
   270 242 136       22   7
   271 242 137       22   7
   272 242 138       22   7
   272 242 139       22   7
   273 243 140       22   7
   274 243 141       22   7
   275 243 142       22   7
   275 243 143       22   7
   276 243 144       22   7
   277 243 145       22   7
   278 243 146       22   7
   278 243 147       22   7
   279 244 148       22   7
   280 245 148       22   7
   281 246 149       22   7
   282 247 150       22   7
   282 248 150       22   7
   282 249 151       22   7
   282 250 151       22   7
   283 251 152       22   7
   283 252 152       22   7
   284 253 152       22   7
   285 254 153       22   7
   285 255 154       22   7
   285 256 155       22   7
   285 257 155       22   7
   286 258 156       22   7
   286 259 156       22   7
   286 260 157       22   7
   287 261 158       22   7
   287 262 158       22   7
   287 263 159       22   7
   288 264 160       22   7
   288 265 160       22   7
   288 266 161       22   7
   289 267 162       22   7
   289 267 163       22   7
   289 268 164       22   7
   290 269 165       22   7
   290 270 165       22   7
   290 271 166       22   7
   291 272 167       22   7
   291 273 168       22   7
   291 274 169       22   7
   292 275 170       22   7
   292 276 171       22   7
   292 277 172       22   7
   293 278 173       22   7
   293 279 174       22   7
   293 280 175       22   7
   293 281 176       22   7
   293 282 176       22   7
   292 283 177       22   7
   292 284 178       22   7
   292 285 178       22   7
   292 286 179       22   7
   293 287 180       22   7
   293 287 181       22   7
   293 288 182       22   7
   293 288 183       22   7
   294 289 184       22   7
   294 290 185       22   7
   294 291 186       22   7
   295 292 187       22   7
   295 292 188       22   7
   295 293 189       22   7
   295 294 190       22   7
   295 295 191       22   7
   295 296 192       22   7
   296 297 193       22   7
   296 297 194       22   7
   296 297 195       22   7
   297 298 196       22   7
   297 298 197       22   7
   297 299 198       22   7
   298 300 199       22   7
   298 300 200       22   7
   298 301 201       22   7
   298 302 202       22   7
   298 302 203       22   7
   298 302 204       22   7
   298 302 205       22   7
   299 303 206       22   7
   299 303 207       22   7
   299 303 208       22   7
   299 304 209       22   7
   299 304 210       22   7
   299 305 211       22   7
   300 306 212       22   7
   300 306 213       22   7
   300 306 214       22   7
   301 307 215       22   7
   301 307 216       22   7
   301 308 217       22   7
   302 309 218       22   7
   302 309 219       22   7
   302 309 220       22   7


#Segment 23 (Axon 8)
#count= 17
   249 222 104       23   8
   249 221 105       23   8
   249 220 105       23   8
   249 219 105       23   8
   248 218 105       23   8
   248 217 106       23   8
   248 216 106       23   8
   248 215 106       23   8
   247 214 106       23   8
   247 213 107       23   8
   247 212 107       23   8
   247 211 107       23   8
   246 210 107       23   8
   246 209 108       23   8
   246 208 108       23   8
   246 207 108       23   8
   245 206 108       23   8

#Segment 24 (Axon 8)
#count= 18
   245 206 108       24   8
   246 205 108       24   8
   246 204 108       24   8
   246 203 108       24   8
   247 203 109       24   8
   248 202 109       24   8
   249 201 109       24   8
   249 200 109       24   8
   249 199 109       24   8
   249 198 109       24   8
   249 197 109       24   8
   249 196 109       24   8
   250 195 110       24   8
   250 194 111       24   8
   250 193 111       24   8
   251 192 111       24   8
   251 191 111       24   8
   251 190 111       24   8

#Segment 25 (Axon 8)
#count= 32
   245 206 108       25   8
   246 205 108       25   8
   246 204 108       25   8
   247 203 108       25   8
   247 202 108       25   8
   247 201 108       25   8
   248 200 108       25   8
   248 199 108       25   8
   248 198 108       25   8
   248 197 108       25   8
   248 196 108       25   8
   248 195 108       25   8
   247 194 108       25   8
   247 193 108       25   8
   247 192 108       25   8
   246 191 107       25   8
   246 190 107       25   8
   246 189 107       25   8
   245 188 106       25   8
   245 187 105       25   8
   245 186 105       25   8
   244 185 104       25   8
   244 184 103       25   8
   244 183 102       25   8
   244 183 101       25   8
   243 182 100       25   8
   244 181 99       25   8
   244 181 98       25   8
   244 180 97       25   8
   245 179 96       25   8
   246 178 95       25   8
   246 177 94       25   8

#Segment 26 (Axon 8)
#count= 31
   245 206 108       26   8
   244 206 107       26   8
   243 206 106       26   8
   242 206 105       26   8
   241 205 105       26   8
   241 204 105       26   8
   240 203 105       26   8
   239 202 105       26   8
   239 201 105       26   8
   238 200 104       26   8
   238 199 104       26   8
   238 198 104       26   8
   237 197 103       26   8
   237 196 103       26   8
   237 195 103       26   8
   236 194 102       26   8
   235 193 102       26   8
   235 192 102       26   8
   234 191 101       26   8
   233 190 101       26   8
   233 189 101       26   8
   232 188 100       26   8
   232 187 100       26   8
   232 186 100       26   8
   231 185 99       26   8
   231 184 99       26   8
   231 183 99       26   8
   230 182 98       26   8
   230 181 97       26   8
   230 180 97       26   8
   229 179 96       26   8

#Segment 27 (Axon 8)
#count= 121
   229 179 96       27   8
   229 178 96       27   8
   230 177 96       27   8
   230 176 95       27   8
   230 175 95       27   8
   230 174 94       27   8
   231 173 93       27   8
   232 172 93       27   8
   232 171 92       27   8
   233 170 91       27   8
   234 169 90       27   8
   234 168 89       27   8
   235 167 88       27   8
   236 166 88       27   8
   236 165 87       27   8
   237 165 86       27   8
   238 164 85       27   8
   239 163 84       27   8
   239 162 83       27   8
   240 162 83       27   8
   241 161 83       27   8
   242 160 83       27   8
   243 159 82       27   8
   243 158 82       27   8
   243 157 81       27   8
   244 156 80       27   8
   244 155 80       27   8
   244 154 79       27   8
   245 153 78       27   8
   245 152 78       27   8
   245 151 77       27   8
   246 150 76       27   8
   246 149 76       27   8
   246 148 75       27   8
   247 147 74       27   8
   247 146 74       27   8
   247 145 73       27   8
   248 144 72       27   8
   248 143 72       27   8
   248 142 71       27   8
   249 141 70       27   8
   249 140 70       27   8
   249 139 69       27   8
   250 138 68       27   8
   251 137 68       27   8
   251 136 67       27   8
   251 135 67       27   8
   251 134 67       27   8
   251 133 66       27   8
   252 132 65       27   8
   252 131 65       27   8
   252 130 64       27   8
   253 129 63       27   8
   253 128 63       27   8
   253 127 62       27   8
   254 126 61       27   8
   254 125 61       27   8
   254 124 60       27   8
   255 123 59       27   8
   256 123 58       27   8
   256 122 57       27   8
   257 121 56       27   8
   257 120 56       27   8
   257 119 55       27   8
   258 118 54       27   8
   259 118 53       27   8
   259 117 52       27   8
   260 116 51       27   8
   261 116 50       27   8
   261 115 49       27   8
   262 114 48       27   8
   262 113 47       27   8
   262 112 46       27   8
   263 111 45       27   8
   264 110 44       27   8
   264 109 43       27   8
   265 108 42       27   8
   266 107 42       27   8
   266 106 41       27   8
   267 105 40       27   8
   267 104 39       27   8
   267 103 38       27   8
   268 102 37       27   8
   269 101 37       27   8
   269 100 36       27   8
   270 99 35       27   8
   271 99 34       27   8
   271 98 33       27   8
   272 97 32       27   8
   272 96 31       27   8
   272 95 30       27   8
   273 94 29       27   8
   273 93 28       27   8
   273 92 27       27   8
   274 91 26       27   8
   274 90 26       27   8
   274 89 25       27   8
   275 88 24       27   8
   275 87 23       27   8
   275 86 22       27   8
   276 85 21       27   8
   277 84 21       27   8
   277 83 20       27   8
   278 82 19       27   8
   279 81 19       27   8
   279 80 18       27   8
   280 79 17       27   8
   281 78 17       27   8
   281 77 16       27   8
   282 76 15       27   8
   283 75 15       27   8
   283 74 14       27   8
   284 73 13       27   8
   285 72 13       27   8
   285 71 12       27   8
   286 70 12       27   8
   287 69 12       27   8
   287 68 11       27   8
   288 67 11       27   8
   289 66 11       27   8
   289 65 10       27   8

#Segment 28 (Axon 8)
#count= 28
   229 179 96       28   8
   228 178 96       28   8
   228 177 96       28   8
   227 176 95       28   8
   226 175 95       28   8
   226 174 95       28   8
   225 173 94       28   8
   224 172 94       28   8
   224 171 94       28   8
   223 170 93       28   8
   223 169 93       28   8
   223 168 93       28   8
   222 167 92       28   8
   222 166 92       28   8
   222 165 92       28   8
   221 164 91       28   8
   220 163 91       28   8
   220 162 91       28   8
   219 161 90       28   8
   218 160 90       28   8
   218 159 90       28   8
   217 158 89       28   8
   217 157 89       28   8
   217 156 89       28   8
   216 155 88       28   8
   216 154 88       28   8
   216 153 88       28   8
   215 152 87       28   8

#Segment 29 (Axon 8)
#count= 39
   215 152 87       29   8
   214 153 87       29   8
   213 153 87       29   8
   212 153 87       29   8
   211 153 87       29   8
   210 153 87       29   8
   209 152 87       29   8
   208 153 88       29   8
   207 153 88       29   8
   206 154 89       29   8
   205 154 89       29   8
   204 155 89       29   8
   203 155 89       29   8
   202 155 88       29   8
   201 155 88       29   8
   200 155 88       29   8
   199 155 87       29   8
   198 155 87       29   8
   197 155 87       29   8
   196 155 87       29   8
   195 155 87       29   8
   194 154 87       29   8
   193 154 87       29   8
   192 153 87       29   8
   191 153 87       29   8
   190 153 87       29   8
   189 152 87       29   8
   188 152 87       29   8
   187 152 87       29   8
   186 151 87       29   8
   185 151 88       29   8
   184 151 88       29   8
   183 151 88       29   8
   182 151 88       29   8
   181 151 88       29   8
   180 150 87       29   8
   179 149 87       29   8
   178 149 87       29   8
   177 148 87       29   8

#Segment 30 (Axon 8)
#count= 142
   215 152 87       30   8
   214 151 87       30   8
   214 150 87       30   8
   213 149 86       30   8
   213 148 86       30   8
   213 147 86       30   8
   212 146 85       30   8
   211 145 85       30   8
   211 144 85       30   8
   210 143 85       30   8
   209 142 85       30   8
   209 141 85       30   8
   208 140 85       30   8
   207 139 85       30   8
   207 138 85       30   8
   206 137 84       30   8
   206 136 84       30   8
   206 135 84       30   8
   205 134 83       30   8
   205 133 83       30   8
   205 132 83       30   8
   204 131 82       30   8
   204 130 82       30   8
   204 129 82       30   8
   203 128 81       30   8
   203 127 80       30   8
   203 126 80       30   8
   202 125 79       30   8
   202 124 79       30   8
   202 123 79       30   8
   201 122 78       30   8
   201 121 78       30   8
   201 120 78       30   8
   201 119 77       30   8
   201 118 77       30   8
   201 117 77       30   8
   201 116 76       30   8
   201 115 76       30   8
   201 114 76       30   8
   201 113 76       30   8
   201 112 76       30   8
   201 111 76       30   8
   200 110 75       30   8
   200 109 75       30   8
   200 108 75       30   8
   200 107 74       30   8
   199 106 74       30   8
   199 105 74       30   8
   198 104 74       30   8
   197 103 73       30   8
   197 102 73       30   8
   196 101 72       30   8
   196 100 72       30   8
   196 99 72       30   8
   195 98 72       30   8
   195 97 72       30   8
   195 96 72       30   8
   194 95 71       30   8
   194 94 71       30   8
   194 93 71       30   8
   193 92 70       30   8
   193 91 70       30   8
   193 90 70       30   8
   193 89 69       30   8
   192 88 69       30   8
   192 87 69       30   8
   191 86 69       30   8
   191 85 69       30   8
   191 84 69       30   8
   190 83 68       30   8
   190 82 68       30   8
   190 81 68       30   8
   189 80 67       30   8
   189 79 67       30   8
   189 78 67       30   8
   188 77 66       30   8
   188 76 66       30   8
   188 75 66       30   8
   187 74 65       30   8
   187 73 65       30   8
   187 72 65       30   8
   186 71 64       30   8
   186 70 64       30   8
   186 69 64       30   8
   185 68 64       30   8
   185 67 64       30   8
   185 66 64       30   8
   184 65 63       30   8
   184 64 63       30   8
   184 63 63       30   8
   183 62 62       30   8
   183 61 61       30   8
   183 60 61       30   8
   182 59 60       30   8
   182 58 60       30   8
   182 57 60       30   8
   182 56 60       30   8
   182 55 59       30   8
   182 54 58       30   8
   182 53 57       30   8
   182 52 57       30   8
   182 51 57       30   8
   181 50 56       30   8
   181 49 56       30   8
   181 48 56       30   8
   181 47 55       30   8
   182 46 54       30   8
   182 45 54       30   8
   182 44 53       30   8
   182 43 53       30   8
   182 42 53       30   8
   182 41 52       30   8
   182 40 52       30   8
   182 39 52       30   8
   181 38 51       30   8
   181 37 51       30   8
   181 36 51       30   8
   180 35 50       30   8
   180 34 50       30   8
   180 33 50       30   8
   179 32 49       30   8
   179 31 49       30   8
   179 30 49       30   8
   178 29 49       30   8
   178 28 49       30   8
   178 27 49       30   8
   178 26 48       30   8
   178 25 48       30   8
   178 24 48       30   8
   177 23 47       30   8
   177 22 47       30   8
   177 21 47       30   8
   176 20 46       30   8
   176 19 46       30   8
   176 18 46       30   8
   176 17 45       30   8
   176 16 45       30   8
   176 15 45       30   8
   175 14 44       30   8
   175 13 44       30   8
   175 12 44       30   8
   174 11 44       30   8


#Segment 31 (Axon 9)
#count= 15
   231 241 108       31   9
   230 242 109       31   9
   229 242 110       31   9
   228 242 110       31   9
   227 242 111       31   9
   226 242 111       31   9
   225 242 111       31   9
   224 242 111       31   9
   223 243 112       31   9
   222 243 113       31   9
   221 243 113       31   9
   220 243 114       31   9
   219 243 114       31   9
   218 243 114       31   9
   217 243 114       31   9

#Segment 32 (Axon 9)
#count= 186
   217 243 114       32   9
   216 243 115       32   9
   215 243 115       32   9
   214 242 115       32   9
   213 242 116       32   9
   212 242 116       32   9
   211 242 116       32   9
   210 242 116       32   9
   209 242 116       32   9
   208 242 116       32   9
   207 242 117       32   9
   206 242 117       32   9
   205 242 117       32   9
   204 242 118       32   9
   203 242 118       32   9
   202 241 118       32   9
   201 241 118       32   9
   200 241 118       32   9
   199 240 118       32   9
   198 240 118       32   9
   197 240 118       32   9
   196 239 118       32   9
   195 238 118       32   9
   194 238 118       32   9
   193 237 118       32   9
   192 236 119       32   9
   191 236 119       32   9
   190 235 119       32   9
   189 235 119       32   9
   188 235 119       32   9
   187 234 119       32   9
   186 233 119       32   9
   185 233 119       32   9
   184 232 119       32   9
   183 231 119       32   9
   182 231 119       32   9
   181 230 119       32   9
   180 229 119       32   9
   179 229 119       32   9
   178 228 119       32   9
   177 227 120       32   9
   176 227 120       32   9
   175 226 120       32   9
   174 225 120       32   9
   173 225 120       32   9
   172 224 120       32   9
   171 223 121       32   9
   170 223 121       32   9
   169 222 121       32   9
   168 221 121       32   9
   167 221 121       32   9
   166 220 121       32   9
   165 219 121       32   9
   164 219 121       32   9
   163 218 121       32   9
   162 217 122       32   9
   161 217 122       32   9
   160 216 122       32   9
   159 215 122       32   9
   158 215 122       32   9
   157 214 122       32   9
   156 213 122       32   9
   155 213 122       32   9
   154 212 122       32   9
   153 212 122       32   9
   152 212 122       32   9
   151 211 122       32   9
   150 211 122       32   9
   149 211 122       32   9
   148 210 122       32   9
   147 210 122       32   9
   146 210 122       32   9
   145 209 122       32   9
   144 208 122       32   9
   143 208 122       32   9
   142 207 122       32   9
   141 206 122       32   9
   140 206 122       32   9
   139 205 121       32   9
   138 205 122       32   9
   137 205 123       32   9
   136 204 123       32   9
   135 204 123       32   9
   134 204 123       32   9
   133 203 122       32   9
   132 203 122       32   9
   131 203 122       32   9
   130 202 122       32   9
   129 202 123       32   9
   128 202 124       32   9
   127 201 124       32   9
   126 201 124       32   9
   125 201 124       32   9
   124 201 124       32   9
   123 201 124       32   9
   122 201 124       32   9
   121 200 124       32   9
   120 200 123       32   9
   119 200 123       32   9
   118 199 122       32   9
   117 199 122       32   9
   116 199 122       32   9
   115 198 122       32   9
   114 198 122       32   9
   113 198 122       32   9
   112 197 122       32   9
   111 197 122       32   9
   110 197 122       32   9
   109 196 122       32   9
   108 196 122       32   9
   107 196 122       32   9
   106 195 122       32   9
   105 195 122       32   9
   104 195 122       32   9
   103 194 122       32   9
   102 194 122       32   9
   101 194 122       32   9
   100 193 122       32   9
   99 192 122       32   9
   98 192 122       32   9
   97 191 122       32   9
   96 191 123       32   9
   95 191 123       32   9
   94 190 123       32   9
   93 190 124       32   9
   92 190 124       32   9
   91 189 124       32   9
   90 189 124       32   9
   89 189 124       32   9
   88 188 124       32   9
   87 187 125       32   9
   86 187 125       32   9
   85 186 125       32   9
   84 186 126       32   9
   83 186 126       32   9
   82 185 126       32   9
   81 184 126       32   9
   80 184 126       32   9
   79 183 126       32   9
   78 183 126       32   9
   77 183 126       32   9
   76 182 126       32   9
   75 182 126       32   9
   74 182 126       32   9
   73 181 126       32   9
   72 181 126       32   9
   71 181 126       32   9
   70 180 126       32   9
   69 180 127       32   9
   68 180 127       32   9
   67 179 127       32   9
   66 179 127       32   9
   65 179 127       32   9
   64 178 127       32   9
   63 178 127       32   9
   62 178 127       32   9
   61 177 127       32   9
   60 177 128       32   9
   59 177 128       32   9
   58 176 128       32   9
   57 175 129       32   9
   56 175 130       32   9
   55 174 130       32   9
   54 174 130       32   9
   53 174 130       32   9
   52 173 129       32   9
   51 172 129       32   9
   50 172 129       32   9
   49 171 129       32   9
   48 171 129       32   9
   47 171 129       32   9
   46 170 128       32   9
   45 170 128       32   9
   44 170 128       32   9
   43 169 128       32   9
   42 168 129       32   9
   41 168 130       32   9
   40 167 130       32   9
   39 167 131       32   9
   38 167 131       32   9
   37 166 131       32   9
   36 165 132       32   9
   35 165 132       32   9
   34 164 132       32   9
   33 164 132       32   9
   32 164 132       32   9

#Segment 33 (Axon 9)
#count= 23
   32 164 132       33   9
   31 163 133       33   9
   30 163 134       33   9
   29 163 135       33   9
   28 162 135       33   9
   27 163 134       33   9
   26 163 134       33   9
   25 163 133       33   9
   24 163 133       33   9
   23 163 133       33   9
   22 163 133       33   9
   21 163 133       33   9
   20 163 133       33   9
   19 163 133       33   9
   18 163 133       33   9
   17 163 133       33   9
   16 163 133       33   9
   15 163 132       33   9
   14 163 132       33   9
   13 162 131       33   9
   12 162 131       33   9
   11 162 131       33   9
   10 162 130       33   9

#Segment 34 (Axon 9)
#count= 23
   32 164 132       34   9
   31 164 131       34   9
   30 164 131       34   9
   29 164 131       34   9
   28 164 130       34   9
   27 164 130       34   9
   26 164 130       34   9
   25 164 130       34   9
   24 164 131       34   9
   23 164 131       34   9
   22 164 131       34   9
   21 165 132       34   9
   20 165 133       34   9
   19 165 133       34   9
   18 165 133       34   9
   17 165 133       34   9
   16 165 132       34   9
   15 165 133       34   9
   14 165 133       34   9
   13 164 133       34   9
   12 164 132       34   9
   11 164 132       34   9
   10 164 131       34   9

#Segment 35 (Axon 9)
#count= 70
   217 243 114       35   9
   216 243 115       35   9
   215 243 115       35   9
   214 243 115       35   9
   213 243 115       35   9
   212 243 115       35   9
   211 243 115       35   9
   210 243 115       35   9
   209 243 116       35   9
   208 243 117       35   9
   207 243 117       35   9
   206 243 117       35   9
   205 243 117       35   9
   204 243 117       35   9
   203 244 118       35   9
   202 244 118       35   9
   201 244 118       35   9
   200 245 119       35   9
   199 245 120       35   9
   198 245 120       35   9
   197 246 121       35   9
   196 247 121       35   9
   195 247 121       35   9
   195 248 122       35   9
   194 248 123       35   9
   193 249 124       35   9
   192 249 124       35   9
   191 250 125       35   9
   190 251 126       35   9
   189 251 126       35   9
   188 252 127       35   9
   187 253 128       35   9
   186 253 128       35   9
   185 254 129       35   9
   184 255 129       35   9
   183 255 129       35   9
   182 256 129       35   9
   181 257 129       35   9
   180 257 129       35   9
   179 258 129       35   9
   178 259 129       35   9
   177 259 128       35   9
   176 260 129       35   9
   175 260 129       35   9
   174 260 129       35   9
   174 260 130       35   9
   173 260 131       35   9
   172 260 132       35   9
   171 260 132       35   9
   170 261 133       35   9
   169 261 133       35   9
   168 261 133       35   9
   167 262 133       35   9
   166 262 133       35   9
   165 262 133       35   9
   164 263 134       35   9
   163 263 134       35   9
   162 263 134       35   9
   161 264 135       35   9
   160 264 135       35   9
   159 264 135       35   9
   158 264 136       35   9
   157 264 137       35   9
   156 264 137       35   9
   155 265 137       35   9
   154 265 137       35   9
   153 265 136       35   9
   152 266 136       35   9
   151 266 136       35   9
   150 266 135       35   9
