# 3D trace file


#Segment 0 (Axon 1)
#count= 33
   258 245 188       0   1
   259 245 189       0   1
   260 245 189       0   1
   261 245 189       0   1
   262 245 190       0   1
   263 245 190       0   1
   264 245 191       0   1
   265 245 191       0   1
   266 245 191       0   1
   267 245 192       0   1
   268 244 192       0   1
   269 244 192       0   1
   270 244 192       0   1
   271 244 192       0   1
   272 244 192       0   1
   273 244 192       0   1
   274 244 191       0   1
   275 244 191       0   1
   276 244 191       0   1
   277 244 191       0   1
   278 244 191       0   1
   279 244 190       0   1
   280 244 189       0   1
   281 245 189       0   1
   282 245 189       0   1
   283 245 188       0   1
   284 245 188       0   1
   285 245 188       0   1
   286 244 188       0   1
   287 244 188       0   1
   288 244 188       0   1
   289 243 188       0   1
   290 243 188       0   1

#Segment 1 (Axon 1)
#count= 207
   290 243 188       1   1
   290 244 187       1   1
   291 245 187       1   1
   292 245 186       1   1
   293 246 185       1   1
   293 246 184       1   1
   294 247 184       1   1
   295 248 183       1   1
   296 249 182       1   1
   296 249 181       1   1
   297 250 181       1   1
   298 250 180       1   1
   299 251 179       1   1
   300 252 179       1   1
   301 253 178       1   1
   302 254 178       1   1
   302 255 177       1   1
   303 256 177       1   1
   304 256 176       1   1
   305 256 176       1   1
   306 256 175       1   1
   307 257 175       1   1
   308 257 175       1   1
   309 258 175       1   1
   310 259 175       1   1
   311 259 174       1   1
   312 260 173       1   1
   313 261 173       1   1
   314 261 172       1   1
   315 261 171       1   1
   316 262 171       1   1
   317 262 171       1   1
   318 262 170       1   1
   319 263 170       1   1
   320 263 170       1   1
   321 263 169       1   1
   322 264 169       1   1
   323 264 169       1   1
   324 264 168       1   1
   325 265 168       1   1
   326 265 168       1   1
   327 265 167       1   1
   328 265 167       1   1
   329 265 166       1   1
   330 264 165       1   1
   331 265 166       1   1
   332 265 166       1   1
   333 265 166       1   1
   334 266 166       1   1
   335 266 166       1   1
   336 266 165       1   1
   337 267 165       1   1
   338 267 165       1   1
   339 268 165       1   1
   340 269 165       1   1
   341 269 165       1   1
   342 269 164       1   1
   343 270 164       1   1
   344 270 164       1   1
   345 270 164       1   1
   346 271 164       1   1
   347 271 164       1   1
   348 272 164       1   1
   349 273 164       1   1
   350 273 164       1   1
   351 274 164       1   1
   352 275 164       1   1
   353 275 164       1   1
   354 275 163       1   1
   355 276 163       1   1
   356 276 163       1   1
   357 276 163       1   1
   358 277 163       1   1
   359 277 163       1   1
   360 277 163       1   1
   361 278 163       1   1
   362 278 163       1   1
   363 278 162       1   1
   364 278 162       1   1
   365 278 162       1   1
   366 278 162       1   1
   367 279 162       1   1
   368 279 162       1   1
   369 280 162       1   1
   370 281 162       1   1
   371 281 162       1   1
   372 282 161       1   1
   373 283 161       1   1
   374 283 161       1   1
   375 284 161       1   1
   376 285 161       1   1
   377 285 161       1   1
   378 286 160       1   1
   379 287 160       1   1
   380 287 160       1   1
   381 288 160       1   1
   382 289 160       1   1
   383 289 159       1   1
   384 289 158       1   1
   385 290 158       1   1
   386 290 158       1   1
   387 291 158       1   1
   388 292 158       1   1
   389 292 158       1   1
   390 293 158       1   1
   391 294 158       1   1
   392 294 158       1   1
   393 294 158       1   1
   394 295 159       1   1
   395 295 159       1   1
   396 296 159       1   1
   397 296 159       1   1
   398 296 159       1   1
   399 296 159       1   1
   400 296 159       1   1
   401 296 159       1   1
   402 296 158       1   1
   403 296 158       1   1
   404 296 158       1   1
   405 295 157       1   1
   406 296 157       1   1
   407 296 157       1   1
   408 296 157       1   1
   409 297 157       1   1
   410 297 157       1   1
   411 298 157       1   1
   412 299 157       1   1
   413 299 157       1   1
   414 300 157       1   1
   415 301 157       1   1
   416 301 157       1   1
   417 301 157       1   1
   418 302 157       1   1
   419 302 157       1   1
   420 302 157       1   1
   421 303 157       1   1
   422 303 157       1   1
   423 303 157       1   1
   424 304 157       1   1
   425 304 157       1   1
   426 305 156       1   1
   427 305 157       1   1
   428 305 157       1   1
   429 305 157       1   1
   430 305 157       1   1
   431 305 157       1   1
   432 305 156       1   1
   433 305 157       1   1
   434 305 157       1   1
   435 305 157       1   1
   436 306 157       1   1
   437 306 157       1   1
   438 306 156       1   1
   439 307 156       1   1
   440 307 156       1   1
   441 308 155       1   1
   442 309 155       1   1
   443 309 155       1   1
   444 309 155       1   1
   445 310 155       1   1
   446 310 155       1   1
   447 310 154       1   1
   448 311 154       1   1
   449 311 154       1   1
   450 311 154       1   1
   451 312 154       1   1
   452 312 154       1   1
   453 312 153       1   1
   454 313 154       1   1
   455 313 154       1   1
   456 313 154       1   1
   457 314 154       1   1
   458 314 154       1   1
   459 315 154       1   1
   460 316 154       1   1
   461 316 154       1   1
   462 316 154       1   1
   463 317 154       1   1
   464 317 154       1   1
   465 318 153       1   1
   466 319 153       1   1
   467 319 153       1   1
   468 320 152       1   1
   469 321 152       1   1
   470 321 151       1   1
   471 321 150       1   1
   472 322 151       1   1
   473 322 151       1   1
   474 323 151       1   1
   475 324 151       1   1
   476 324 150       1   1
   477 325 149       1   1
   478 326 149       1   1
   479 326 149       1   1
   480 327 149       1   1
   481 328 149       1   1
   482 328 149       1   1
   483 328 149       1   1
   484 329 150       1   1
   485 329 150       1   1
   486 330 150       1   1
   487 331 150       1   1
   488 331 150       1   1
   489 332 149       1   1
   490 333 149       1   1
   491 333 149       1   1
   492 333 149       1   1

#Segment 2 (Axon 1)
#count= 38
   290 243 188       2   1
   291 244 188       2   1
   292 245 187       2   1
   293 246 186       2   1
   293 246 185       2   1
   294 247 184       2   1
   294 247 183       2   1
   295 248 182       2   1
   295 248 181       2   1
   294 247 182       2   1
   293 246 183       2   1
   292 245 183       2   1
   291 244 184       2   1
   291 243 184       2   1
   290 242 184       2   1
   289 242 184       2   1
   288 242 184       2   1
   287 243 184       2   1
   286 243 184       2   1
   285 243 184       2   1
   284 243 185       2   1
   283 243 185       2   1
   282 243 185       2   1
   281 244 186       2   1
   282 244 187       2   1
   282 243 188       2   1
   283 243 189       2   1
   283 243 190       2   1
   284 243 191       2   1
   284 242 192       2   1
   284 242 193       2   1
   284 242 194       2   1
   284 242 195       2   1
   284 241 196       2   1
   284 240 197       2   1
   285 240 198       2   1
   285 239 199       2   1
   285 238 200       2   1

#Segment 3 (Axon 1)
#count= 177
   290 243 188       3   1
   291 243 188       3   1
   292 242 187       3   1
   293 242 187       3   1
   294 242 187       3   1
   295 241 187       3   1
   296 241 187       3   1
   297 240 187       3   1
   298 239 186       3   1
   299 239 186       3   1
   300 239 186       3   1
   301 238 186       3   1
   302 238 186       3   1
   303 237 186       3   1
   304 236 185       3   1
   305 236 185       3   1
   306 235 185       3   1
   307 234 185       3   1
   308 234 186       3   1
   309 233 186       3   1
   310 232 186       3   1
   311 232 186       3   1
   312 231 186       3   1
   313 230 186       3   1
   314 230 186       3   1
   315 229 186       3   1
   316 228 185       3   1
   317 228 185       3   1
   318 227 185       3   1
   319 226 185       3   1
   320 226 185       3   1
   321 225 185       3   1
   322 224 185       3   1
   323 224 185       3   1
   324 224 185       3   1
   325 223 184       3   1
   326 223 184       3   1
   327 222 184       3   1
   328 221 183       3   1
   329 221 183       3   1
   330 220 183       3   1
   331 219 182       3   1
   332 219 182       3   1
   333 218 182       3   1
   334 217 182       3   1
   335 217 182       3   1
   336 217 181       3   1
   337 216 180       3   1
   338 216 181       3   1
   339 215 181       3   1
   340 214 181       3   1
   341 214 181       3   1
   342 214 181       3   1
   343 213 181       3   1
   344 213 181       3   1
   345 213 181       3   1
   346 212 180       3   1
   347 212 180       3   1
   348 211 180       3   1
   349 210 180       3   1
   350 210 180       3   1
   351 209 180       3   1
   352 208 179       3   1
   353 208 180       3   1
   354 208 180       3   1
   355 207 180       3   1
   356 207 181       3   1
   357 207 181       3   1
   358 206 181       3   1
   359 206 181       3   1
   360 206 181       3   1
   361 205 181       3   1
   362 205 182       3   1
   363 205 182       3   1
   364 204 182       3   1
   365 204 182       3   1
   366 204 182       3   1
   367 204 182       3   1
   368 204 182       3   1
   369 204 182       3   1
   370 203 182       3   1
   371 203 182       3   1
   372 203 182       3   1
   373 202 182       3   1
   374 202 182       3   1
   375 202 182       3   1
   376 202 182       3   1
   377 202 182       3   1
   378 202 182       3   1
   379 201 182       3   1
   380 201 182       3   1
   381 201 182       3   1
   382 200 182       3   1
   383 200 182       3   1
   384 199 182       3   1
   385 198 182       3   1
   386 198 182       3   1
   387 198 182       3   1
   388 197 182       3   1
   389 197 183       3   1
   390 197 183       3   1
   391 196 183       3   1
   392 196 183       3   1
   393 196 182       3   1
   394 195 181       3   1
   395 195 181       3   1
   396 195 181       3   1
   397 194 180       3   1
   398 194 180       3   1
   399 194 180       3   1
   400 193 179       3   1
   401 193 180       3   1
   402 193 180       3   1
   403 192 180       3   1
   404 192 181       3   1
   405 192 181       3   1
   406 191 181       3   1
   407 191 181       3   1
   408 191 181       3   1
   409 190 180       3   1
   410 190 180       3   1
   411 189 180       3   1
   412 188 179       3   1
   413 188 179       3   1
   414 188 179       3   1
   415 187 179       3   1
   416 187 179       3   1
   417 186 179       3   1
   418 185 179       3   1
   419 185 180       3   1
   420 185 180       3   1
   421 184 180       3   1
   422 184 180       3   1
   423 184 180       3   1
   424 183 179       3   1
   425 183 179       3   1
   426 183 179       3   1
   427 182 178       3   1
   428 182 178       3   1
   429 182 178       3   1
   430 181 178       3   1
   431 181 178       3   1
   432 181 178       3   1
   433 181 178       3   1
   434 181 177       3   1
   435 181 177       3   1
   436 181 177       3   1
   437 180 177       3   1
   438 180 177       3   1
   439 179 177       3   1
   440 178 176       3   1
   441 178 177       3   1
   442 178 177       3   1
   443 177 177       3   1
   444 177 177       3   1
   445 176 177       3   1
   446 175 177       3   1
   447 175 177       3   1
   448 175 177       3   1
   449 175 177       3   1
   450 174 177       3   1
   451 174 177       3   1
   452 173 177       3   1
   453 172 176       3   1
   454 172 176       3   1
   455 172 176       3   1
   456 171 175       3   1
   457 171 175       3   1
   458 171 175       3   1
   459 170 174       3   1
   460 170 174       3   1
   461 169 174       3   1
   462 168 174       3   1
   463 168 175       3   1
   464 168 175       3   1
   465 167 175       3   1
   466 167 175       3   1

#Segment 4 (Axon 1)
#count= 22
   466 167 175       4   1
   466 167 174       4   1
   467 167 174       4   1
   468 167 174       4   1
   469 166 173       4   1
   470 166 173       4   1
   471 165 173       4   1
   472 164 173       4   1
   472 163 173       4   1
   473 163 173       4   1
   474 162 173       4   1
   475 161 173       4   1
   476 161 174       4   1
   477 160 174       4   1
   478 159 174       4   1
   478 158 174       4   1
   479 157 174       4   1
   480 156 174       4   1
   480 155 173       4   1
   481 154 173       4   1
   482 153 173       4   1
   482 152 172       4   1

#Segment 5 (Axon 1)
#count= 36
   466 167 175       5   1
   467 167 175       5   1
   468 167 174       5   1
   469 168 174       5   1
   470 168 174       5   1
   471 168 174       5   1
   472 168 174       5   1
   473 168 174       5   1
   474 168 174       5   1
   475 168 174       5   1
   476 168 174       5   1
   477 167 174       5   1
   478 167 175       5   1
   479 167 175       5   1
   480 167 175       5   1
   481 167 175       5   1
   482 167 175       5   1
   483 167 175       5   1
   484 167 175       5   1
   485 167 175       5   1
   486 167 175       5   1
   487 167 175       5   1
   488 167 175       5   1
   489 167 175       5   1
   490 167 175       5   1
   491 167 175       5   1
   492 167 175       5   1
   493 167 175       5   1
   494 167 175       5   1
   495 166 175       5   1
   496 166 176       5   1
   497 165 176       5   1
   498 164 176       5   1
   499 164 177       5   1
   500 164 177       5   1
   501 164 177       5   1


#Segment 6 (Axon 2)
#count= 80
   220 260 199       6   2
   219 261 200       6   2
   218 262 201       6   2
   217 262 201       6   2
   216 263 202       6   2
   215 263 202       6   2
   214 264 203       6   2
   213 264 203       6   2
   212 265 204       6   2
   211 265 204       6   2
   210 266 205       6   2
   209 266 205       6   2
   208 267 206       6   2
   207 267 206       6   2
   206 267 206       6   2
   205 267 206       6   2
   204 268 205       6   2
   203 268 205       6   2
   202 268 204       6   2
   201 268 205       6   2
   200 268 205       6   2
   199 268 205       6   2
   198 268 206       6   2
   197 268 207       6   2
   196 268 207       6   2
   195 268 208       6   2
   194 268 209       6   2
   193 268 209       6   2
   192 269 210       6   2
   191 269 211       6   2
   190 269 211       6   2
   189 269 212       6   2
   188 269 212       6   2
   187 268 212       6   2
   186 268 213       6   2
   185 268 213       6   2
   184 268 213       6   2
   183 268 213       6   2
   182 268 213       6   2
   181 267 213       6   2
   180 267 214       6   2
   179 267 214       6   2
   178 266 214       6   2
   177 266 215       6   2
   176 266 215       6   2
   175 265 215       6   2
   174 265 216       6   2
   173 265 216       6   2
   172 264 216       6   2
   171 264 217       6   2
   170 264 217       6   2
   169 263 217       6   2
   168 263 218       6   2
   167 263 218       6   2
   166 262 218       6   2
   165 262 219       6   2
   164 262 219       6   2
   163 261 219       6   2
   162 261 220       6   2
   161 261 220       6   2
   160 260 220       6   2
   159 260 221       6   2
   158 260 222       6   2
   157 259 222       6   2
   156 259 222       6   2
   155 259 222       6   2
   154 258 222       6   2
   153 258 223       6   2
   152 258 223       6   2
   151 257 223       6   2
   150 257 223       6   2
   149 257 223       6   2
   148 257 223       6   2
   147 256 224       6   2
   146 256 224       6   2
   145 255 224       6   2
   145 255 225       6   2
   144 255 226       6   2
   143 255 227       6   2
   142 254 227       6   2

#Segment 7 (Axon 2)
#count= 57
   142 254 227       7   2
   142 253 228       7   2
   142 252 228       7   2
   141 251 228       7   2
   140 250 229       7   2
   140 249 229       7   2
   139 248 229       7   2
   138 247 229       7   2
   138 246 229       7   2
   137 245 229       7   2
   137 245 230       7   2
   136 244 231       7   2
   136 243 232       7   2
   135 242 232       7   2
   134 241 233       7   2
   134 240 233       7   2
   133 239 233       7   2
   132 238 234       7   2
   132 237 234       7   2
   131 236 234       7   2
   130 235 235       7   2
   129 234 236       7   2
   128 233 236       7   2
   127 232 237       7   2
   126 231 237       7   2
   125 230 237       7   2
   124 229 238       7   2
   123 229 239       7   2
   122 228 239       7   2
   121 227 240       7   2
   120 227 240       7   2
   119 226 240       7   2
   118 225 241       7   2
   117 225 242       7   2
   116 224 242       7   2
   115 223 243       7   2
   114 223 244       7   2
   113 222 244       7   2
   112 221 245       7   2
   111 221 246       7   2
   110 220 246       7   2
   109 219 247       7   2
   108 219 248       7   2
   107 218 248       7   2
   106 217 249       7   2
   105 217 250       7   2
   104 216 250       7   2
   103 215 251       7   2
   102 214 252       7   2
   101 213 252       7   2
   101 213 253       7   2
   100 213 254       7   2
   99 213 255       7   2
   98 212 255       7   2
   97 211 256       7   2
   96 211 257       7   2
   95 210 257       7   2

#Segment 8 (Axon 2)
#count= 85
   142 254 227       8   2
   141 255 227       8   2
   140 255 227       8   2
   139 255 227       8   2
   138 256 228       8   2
   137 256 228       8   2
   136 256 228       8   2
   135 257 229       8   2
   134 257 230       8   2
   133 257 230       8   2
   132 258 231       8   2
   131 258 231       8   2
   130 258 231       8   2
   129 259 232       8   2
   128 260 232       8   2
   127 260 232       8   2
   126 261 232       8   2
   125 261 232       8   2
   124 261 232       8   2
   123 262 233       8   2
   122 262 234       8   2
   121 262 234       8   2
   120 263 235       8   2
   119 264 236       8   2
   118 264 236       8   2
   117 265 237       8   2
   116 265 238       8   2
   115 265 238       8   2
   114 266 239       8   2
   113 266 240       8   2
   112 266 240       8   2
   111 267 241       8   2
   110 267 241       8   2
   109 267 241       8   2
   108 267 241       8   2
   108 268 242       8   2
   107 269 242       8   2
   106 270 243       8   2
   105 270 243       8   2
   105 271 244       8   2
   104 272 244       8   2
   103 273 244       8   2
   102 274 244       8   2
   101 275 245       8   2
   100 276 246       8   2
   99 276 246       8   2
   98 277 247       8   2
   97 278 248       8   2
   96 278 248       8   2
   95 279 249       8   2
   94 280 250       8   2
   93 280 250       8   2
   93 281 251       8   2
   92 282 251       8   2
   91 283 252       8   2
   90 283 252       8   2
   90 284 253       8   2
   89 285 254       8   2
   88 286 255       8   2
   87 286 255       8   2
   87 287 256       8   2
   86 288 256       8   2
   85 289 257       8   2
   84 289 257       8   2
   83 290 258       8   2
   82 291 259       8   2
   81 291 259       8   2
   81 292 260       8   2
   80 292 261       8   2
   79 293 262       8   2
   78 294 263       8   2
   77 295 264       8   2
   76 295 264       8   2
   75 296 265       8   2
   74 297 266       8   2
   73 297 266       8   2
   73 298 267       8   2
   72 298 268       8   2
   71 299 269       8   2
   70 300 270       8   2
   69 301 271       8   2
   68 301 271       8   2
   67 302 272       8   2
   66 303 272       8   2
   65 303 272       8   2


#Segment 9 (Axon 3)
#count= 18
   241 222 192       9   3
   242 221 193       9   3
   243 220 193       9   3
   243 219 193       9   3
   244 218 193       9   3
   244 217 193       9   3
   244 216 193       9   3
   244 215 193       9   3
   245 214 194       9   3
   245 213 194       9   3
   245 212 194       9   3
   245 211 194       9   3
   246 210 194       9   3
   246 209 194       9   3
   246 208 194       9   3
   246 207 194       9   3
   246 206 195       9   3
   246 205 196       9   3

#Segment 10 (Axon 3)
#count= 115
   246 205 196       10   3
   247 206 197       10   3
   248 206 198       10   3
   249 206 199       10   3
   250 206 200       10   3
   251 206 201       10   3
   252 205 201       10   3
   253 204 201       10   3
   253 203 201       10   3
   254 202 202       10   3
   255 201 202       10   3
   255 200 202       10   3
   256 199 203       10   3
   256 198 203       10   3
   256 197 203       10   3
   256 196 203       10   3
   257 195 204       10   3
   258 194 205       10   3
   258 193 205       10   3
   259 192 206       10   3
   259 191 206       10   3
   259 190 206       10   3
   260 189 207       10   3
   261 188 207       10   3
   261 187 207       10   3
   262 186 208       10   3
   262 185 208       10   3
   262 184 208       10   3
   263 183 209       10   3
   264 182 209       10   3
   264 181 209       10   3
   264 181 210       10   3
   264 180 211       10   3
   264 179 212       10   3
   264 178 212       10   3
   264 178 213       10   3
   264 177 214       10   3
   264 176 215       10   3
   264 175 215       10   3
   263 174 216       10   3
   263 173 217       10   3
   262 172 217       10   3
   261 171 218       10   3
   260 170 219       10   3
   259 169 219       10   3
   258 168 220       10   3
   258 167 221       10   3
   257 166 221       10   3
   256 165 222       10   3
   256 164 223       10   3
   255 163 223       10   3
   254 162 224       10   3
   254 161 225       10   3
   253 160 225       10   3
   253 160 226       10   3
   253 159 227       10   3
   252 158 228       10   3
   252 157 229       10   3
   252 156 230       10   3
   251 155 230       10   3
   251 154 231       10   3
   251 153 232       10   3
   250 152 232       10   3
   250 151 233       10   3
   250 150 234       10   3
   249 149 234       10   3
   249 148 235       10   3
   249 147 235       10   3
   248 146 235       10   3
   248 145 236       10   3
   248 144 237       10   3
   248 143 237       10   3
   248 142 238       10   3
   248 141 239       10   3
   247 140 239       10   3
   247 139 240       10   3
   247 138 240       10   3
   246 137 240       10   3
   246 136 241       10   3
   246 135 242       10   3
   245 134 242       10   3
   245 133 243       10   3
   245 132 244       10   3
   244 131 244       10   3
   244 131 245       10   3
   244 130 246       10   3
   243 129 247       10   3
   243 129 248       10   3
   243 128 249       10   3
   243 127 250       10   3
   242 126 250       10   3
   242 125 251       10   3
   242 124 252       10   3
   241 123 252       10   3
   241 123 253       10   3
   241 122 254       10   3
   241 121 255       10   3
   240 120 255       10   3
   240 120 256       10   3
   239 119 257       10   3
   239 119 258       10   3
   238 118 259       10   3
   238 117 260       10   3
   238 116 260       10   3
   237 115 260       10   3
   237 115 261       10   3
   237 114 262       10   3
   237 113 263       10   3
   236 112 263       10   3
   236 112 264       10   3
   236 112 265       10   3
   235 111 266       10   3
   235 111 267       10   3
   235 111 268       10   3
   234 110 269       10   3

#Segment 11 (Axon 3)
#count= 50
   246 205 196       11   3
   245 204 196       11   3
   245 203 197       11   3
   245 202 197       11   3
   244 201 197       11   3
   245 200 198       11   3
   245 199 198       11   3
   245 198 198       11   3
   246 197 199       11   3
   246 196 199       11   3
   246 195 199       11   3
   247 194 200       11   3
   247 193 200       11   3
   247 192 200       11   3
   248 191 201       11   3
   248 190 202       11   3
   248 189 202       11   3
   249 188 203       11   3
   249 187 203       11   3
   249 186 203       11   3
   250 185 204       11   3
   251 184 204       11   3
   251 183 204       11   3
   252 183 205       11   3
   253 183 205       11   3
   254 183 205       11   3
   255 183 205       11   3
   256 183 205       11   3
   257 183 206       11   3
   258 183 206       11   3
   259 182 207       11   3
   260 182 208       11   3
   261 181 208       11   3
   262 181 208       11   3
   263 180 208       11   3
   264 179 209       11   3
   265 178 210       11   3
   265 177 210       11   3
   266 177 211       11   3
   267 176 211       11   3
   268 175 211       11   3
   268 174 211       11   3
   269 173 212       11   3
   270 172 212       11   3
   270 171 212       11   3
   271 170 213       11   3
   272 169 214       11   3
   272 168 214       11   3
   273 167 215       11   3
   273 166 215       11   3

#Segment 12 (Axon 3)
#count= 62
   323 148 218       12   3
   322 149 219       12   3
   321 149 219       12   3
   320 149 219       12   3
   319 150 219       12   3
   318 151 219       12   3
   317 151 219       12   3
   316 151 219       12   3
   315 151 219       12   3
   314 151 219       12   3
   313 152 219       12   3
   312 153 219       12   3
   311 153 218       12   3
   310 154 219       12   3
   309 154 220       12   3
   308 154 220       12   3
   307 155 221       12   3
   306 155 221       12   3
   305 155 221       12   3
   306 155 221       12   3
   307 155 220       12   3
   307 155 220       12   3
   306 156 220       12   3
   305 156 220       12   3
   304 156 220       12   3
   303 157 220       12   3
   302 157 220       12   3
   301 157 220       12   3
   300 157 220       12   3
   299 157 220       12   3
   298 156 220       12   3
   297 156 221       12   3
   296 156 221       12   3
   295 156 221       12   3
   294 157 220       12   3
   293 157 219       12   3
   292 157 218       12   3
   292 157 219       12   3
   291 157 220       12   3
   290 157 221       12   3
   289 157 221       12   3
   288 157 221       12   3
   287 157 221       12   3
   286 156 221       12   3
   285 156 221       12   3
   284 156 221       12   3
   283 156 221       12   3
   282 156 220       12   3
   282 157 220       12   3
   281 158 219       12   3
   280 159 219       12   3
   279 159 218       12   3
   279 160 218       12   3
   279 161 218       12   3
   279 162 218       12   3
   278 163 217       12   3
   278 164 217       12   3
   277 165 217       12   3
   276 166 217       12   3
   275 166 216       12   3
   274 166 216       12   3
   273 166 215       12   3

#Segment 13 (Axon 3)
#count= 54
   273 166 215       13   3
   273 165 215       13   3
   274 164 216       13   3
   275 163 217       13   3
   275 162 217       13   3
   276 161 218       13   3
   277 160 218       13   3
   277 159 218       13   3
   278 158 219       13   3
   279 157 219       13   3
   279 156 219       13   3
   280 155 220       13   3
   280 154 220       13   3
   280 153 220       13   3
   281 152 220       13   3
   282 151 220       13   3
   282 150 220       13   3
   283 149 221       13   3
   284 148 221       13   3
   284 147 221       13   3
   285 146 222       13   3
   286 145 222       13   3
   286 144 222       13   3
   287 143 223       13   3
   288 142 223       13   3
   288 141 223       13   3
   289 140 224       13   3
   290 139 224       13   3
   290 138 224       13   3
   291 137 225       13   3
   292 136 225       13   3
   292 135 225       13   3
   293 134 226       13   3
   293 133 226       13   3
   293 132 226       13   3
   294 131 227       13   3
   294 130 227       13   3
   294 129 227       13   3
   295 128 227       13   3
   296 127 227       13   3
   296 126 227       13   3
   296 125 228       13   3
   296 124 228       13   3
   296 123 228       13   3
   296 122 229       13   3
   296 121 229       13   3
   296 120 229       13   3
   297 120 230       13   3
   297 119 231       13   3
   297 118 232       13   3
   297 117 233       13   3
   297 116 234       13   3
   297 115 234       13   3
   297 114 234       13   3


#Segment 14 (Axon 4)
#count= 25
   256 255 201       14   4
   257 256 202       14   4
   258 257 202       14   4
   259 258 203       14   4
   260 258 203       14   4
   261 259 204       14   4
   262 259 204       14   4
   263 260 204       14   4
   264 261 205       14   4
   265 262 205       14   4
   266 263 205       14   4
   267 263 205       14   4
   268 264 206       14   4
   269 264 206       14   4
   270 265 206       14   4
   271 266 207       14   4
   272 266 207       14   4
   273 266 207       14   4
   274 266 208       14   4
   275 266 208       14   4
   276 265 208       14   4
   277 266 209       14   4
   278 266 209       14   4
   279 266 210       14   4
   280 266 211       14   4

#Segment 15 (Axon 4)
#count= 33
   280 266 211       15   4
   281 267 211       15   4
   281 268 211       15   4
   282 269 212       15   4
   282 270 212       15   4
   283 271 213       15   4
   284 272 214       15   4
   284 273 214       15   4
   284 274 215       15   4
   285 275 216       15   4
   285 276 216       15   4
   285 277 216       15   4
   286 278 217       15   4
   286 279 217       15   4
   286 280 217       15   4
   287 281 218       15   4
   287 282 218       15   4
   287 283 218       15   4
   287 284 218       15   4
   287 285 218       15   4
   287 286 218       15   4
   287 287 219       15   4
   287 288 219       15   4
   287 289 219       15   4
   288 290 219       15   4
   288 291 219       15   4
   288 292 219       15   4
   288 293 220       15   4
   288 294 220       15   4
   287 295 220       15   4
   287 296 220       15   4
   287 297 220       15   4
   287 298 220       15   4

#Segment 16 (Axon 4)
#count= 85
   280 266 211       16   4
   281 265 211       16   4
   282 264 211       16   4
   283 264 212       16   4
   284 264 212       16   4
   285 263 213       16   4
   286 263 214       16   4
   287 263 214       16   4
   288 262 214       16   4
   289 262 215       16   4
   290 262 215       16   4
   291 261 215       16   4
   292 261 215       16   4
   293 261 215       16   4
   294 261 215       16   4
   295 261 216       16   4
   296 261 216       16   4
   297 260 216       16   4
   298 260 216       16   4
   299 260 216       16   4
   300 259 216       16   4
   301 259 216       16   4
   302 259 216       16   4
   303 258 216       16   4
   304 258 217       16   4
   305 258 217       16   4
   306 258 218       16   4
   307 258 219       16   4
   308 258 219       16   4
   309 257 219       16   4
   310 257 219       16   4
   311 257 219       16   4
   312 257 218       16   4
   313 257 219       16   4
   314 257 219       16   4
   315 257 219       16   4
   316 257 220       16   4
   317 257 221       16   4
   318 256 222       16   4
   319 256 223       16   4
   320 256 223       16   4
   321 255 223       16   4
   322 255 223       16   4
   323 255 223       16   4
   324 255 223       16   4
   325 255 223       16   4
   326 255 223       16   4
   327 254 223       16   4
   328 254 224       16   4
   329 254 224       16   4
   330 253 224       16   4
   331 253 224       16   4
   332 253 224       16   4
   333 253 223       16   4
   334 253 224       16   4
   335 252 224       16   4
   336 251 224       16   4
   337 251 225       16   4
   338 251 225       16   4
   339 250 225       16   4
   340 250 226       16   4
   341 249 226       16   4
   342 248 226       16   4
   343 248 226       16   4
   344 248 226       16   4
   345 247 226       16   4
   346 247 226       16   4
   347 247 226       16   4
   348 246 226       16   4
   349 246 227       16   4
   350 245 227       16   4
   351 244 227       16   4
   352 244 227       16   4
   353 244 227       16   4
   354 243 227       16   4
   355 243 228       16   4
   356 242 228       16   4
   357 241 229       16   4
   358 241 230       16   4
   359 241 230       16   4
   360 240 230       16   4
   361 240 231       16   4
   362 239 231       16   4
   363 238 231       16   4
   364 238 232       16   4

#Segment 17 (Axon 4)
#count= 69
   364 238 232       17   4
   365 238 232       17   4
   366 238 232       17   4
   367 237 232       17   4
   368 236 231       17   4
   369 236 232       17   4
   370 236 232       17   4
   371 235 233       17   4
   372 235 234       17   4
   373 234 234       17   4
   374 233 234       17   4
   375 233 235       17   4
   376 232 235       17   4
   377 231 235       17   4
   378 231 236       17   4
   379 231 236       17   4
   380 230 237       17   4
   381 230 237       17   4
   382 230 237       17   4
   383 230 237       17   4
   384 230 238       17   4
   385 230 238       17   4
   386 229 238       17   4
   387 229 238       17   4
   388 229 238       17   4
   389 228 237       17   4
   390 228 238       17   4
   391 228 238       17   4
   392 227 239       17   4
   393 227 240       17   4
   394 226 240       17   4
   395 225 241       17   4
   396 225 241       17   4
   397 224 241       17   4
   398 223 241       17   4
   399 223 242       17   4
   400 223 242       17   4
   401 222 242       17   4
   402 222 243       17   4
   403 222 243       17   4
   404 221 243       17   4
   405 221 244       17   4
   406 221 244       17   4
   407 221 244       17   4
   408 221 244       17   4
   409 221 243       17   4
   410 221 242       17   4
   411 221 243       17   4
   412 221 244       17   4
   413 221 245       17   4
   413 220 246       17   4
   414 220 247       17   4
   415 220 247       17   4
   416 219 248       17   4
   417 219 249       17   4
   418 218 249       17   4
   419 217 249       17   4
   420 217 249       17   4
   421 217 249       17   4
   422 216 249       17   4
   423 216 250       17   4
   424 216 250       17   4
   425 215 250       17   4
   426 215 251       17   4
   427 214 251       17   4
   428 213 251       17   4
   429 214 251       17   4
   430 214 251       17   4
   431 214 250       17   4

#Segment 18 (Axon 4)
#count= 42
   364 238 232       18   4
   365 237 232       18   4
   366 236 232       18   4
   367 236 233       18   4
   368 236 233       18   4
   369 235 234       18   4
   370 235 235       18   4
   371 234 235       18   4
   372 233 235       18   4
   373 233 236       18   4
   374 233 236       18   4
   375 232 237       18   4
   376 232 237       18   4
   377 232 237       18   4
   378 231 237       18   4
   379 231 237       18   4
   380 231 237       18   4
   381 230 237       18   4
   382 230 238       18   4
   383 230 238       18   4
   384 229 239       18   4
   385 229 239       18   4
   386 228 239       18   4
   387 227 238       18   4
   388 227 239       18   4
   389 227 239       18   4
   390 226 239       18   4
   391 226 240       18   4
   392 226 240       18   4
   393 226 240       18   4
   394 226 241       18   4
   395 226 241       18   4
   396 225 242       18   4
   397 225 243       18   4
   398 225 243       18   4
   399 224 243       18   4
   400 224 244       18   4
   401 224 244       18   4
   402 224 244       18   4
   403 224 245       18   4
   404 224 245       18   4
   405 223 245       18   4


#Segment 19 (Axon 5)
#count= 54
   220 232 198       19   5
   219 232 199       19   5
   218 232 199       19   5
   217 232 200       19   5
   216 232 200       19   5
   215 232 201       19   5
   214 232 201       19   5
   213 232 201       19   5
   212 232 201       19   5
   211 232 201       19   5
   210 232 202       19   5
   209 232 202       19   5
   208 232 203       19   5
   207 232 203       19   5
   206 232 204       19   5
   205 232 204       19   5
   204 232 204       19   5
   203 232 204       19   5
   202 232 204       19   5
   201 232 205       19   5
   200 232 205       19   5
   199 231 205       19   5
   198 231 206       19   5
   197 231 206       19   5
   196 230 206       19   5
   195 230 207       19   5
   194 230 207       19   5
   193 229 207       19   5
   192 229 207       19   5
   191 229 207       19   5
   190 228 207       19   5
   189 228 207       19   5
   188 228 207       19   5
   187 227 207       19   5
   186 227 208       19   5
   185 227 208       19   5
   184 226 208       19   5
   183 226 209       19   5
   182 226 209       19   5
   181 226 209       19   5
   180 226 210       19   5
   179 226 210       19   5
   178 225 210       19   5
   177 225 211       19   5
   176 225 211       19   5
   175 224 211       19   5
   174 224 212       19   5
   173 224 212       19   5
   172 224 212       19   5
   171 224 213       19   5
   170 224 213       19   5
   169 223 213       19   5
   168 222 214       19   5
   167 222 214       19   5

#Segment 20 (Axon 5)
#count= 124
   167 222 214       20   5
   166 223 213       20   5
   165 223 213       20   5
   164 223 213       20   5
   163 223 213       20   5
   162 224 213       20   5
   161 225 213       20   5
   160 225 213       20   5
   159 226 213       20   5
   158 226 213       20   5
   157 226 212       20   5
   156 226 211       20   5
   155 226 211       20   5
   154 226 210       20   5
   153 227 210       20   5
   152 227 210       20   5
   151 227 209       20   5
   150 228 209       20   5
   149 228 209       20   5
   148 228 209       20   5
   147 229 209       20   5
   146 229 209       20   5
   145 229 208       20   5
   144 230 208       20   5
   143 230 208       20   5
   142 230 207       20   5
   141 231 207       20   5
   140 232 207       20   5
   139 232 207       20   5
   138 233 207       20   5
   137 233 207       20   5
   136 233 207       20   5
   135 234 207       20   5
   134 234 207       20   5
   133 234 207       20   5
   132 235 207       20   5
   131 236 207       20   5
   130 236 207       20   5
   129 236 207       20   5
   128 236 207       20   5
   127 236 207       20   5
   126 236 207       20   5
   125 236 207       20   5
   124 236 206       20   5
   123 236 206       20   5
   122 236 206       20   5
   121 236 206       20   5
   120 236 205       20   5
   119 236 205       20   5
   118 236 204       20   5
   117 236 204       20   5
   116 236 204       20   5
   115 236 203       20   5
   114 236 203       20   5
   113 236 203       20   5
   112 236 202       20   5
   111 236 202       20   5
   110 236 202       20   5
   109 236 202       20   5
   108 236 202       20   5
   107 236 202       20   5
   106 236 202       20   5
   105 236 202       20   5
   104 236 202       20   5
   103 235 202       20   5
   102 235 202       20   5
   101 235 202       20   5
   100 234 202       20   5
   99 235 202       20   5
   98 235 202       20   5
   97 235 201       20   5
   96 236 201       20   5
   95 236 201       20   5
   94 236 200       20   5
   93 236 200       20   5
   92 236 200       20   5
   91 236 199       20   5
   90 236 199       20   5
   89 236 199       20   5
   88 236 198       20   5
   87 236 199       20   5
   86 236 199       20   5
   85 235 199       20   5
   84 235 199       20   5
   83 235 199       20   5
   82 235 198       20   5
   81 236 197       20   5
   80 236 197       20   5
   79 236 196       20   5
   78 236 197       20   5
   77 236 197       20   5
   76 236 197       20   5
   75 237 197       20   5
   74 237 197       20   5
   73 237 197       20   5
   72 237 196       20   5
   71 238 197       20   5
   70 239 197       20   5
   69 239 197       20   5
   68 240 197       20   5
   67 240 197       20   5
   66 240 197       20   5
   65 240 197       20   5
   64 241 197       20   5
   63 242 197       20   5
   62 242 196       20   5
   61 243 195       20   5
   60 244 195       20   5
   59 244 194       20   5
   58 245 194       20   5
   57 246 194       20   5
   56 246 194       20   5
   55 247 195       20   5
   54 248 195       20   5
   53 248 195       20   5
   52 249 195       20   5
   51 249 195       20   5
   50 249 194       20   5
   49 250 194       20   5
   48 250 194       20   5
   47 250 193       20   5
   46 251 193       20   5
   45 252 193       20   5
   44 252 193       20   5

#Segment 21 (Axon 5)
#count= 71
   119 166 251       21   5
   120 167 251       21   5
   120 168 250       21   5
   120 169 249       21   5
   121 170 249       21   5
   121 171 248       21   5
   121 172 247       21   5
   121 172 246       21   5
   122 173 246       21   5
   122 174 245       21   5
   122 175 244       21   5
   123 176 244       21   5
   123 177 244       21   5
   123 178 243       21   5
   123 179 244       21   5
   123 180 244       21   5
   123 181 244       21   5
   123 181 244       21   5
   123 182 243       21   5
   124 183 243       21   5
   124 184 243       21   5
   124 185 242       21   5
   125 186 242       21   5
   125 187 242       21   5
   125 188 241       21   5
   126 189 241       21   5
   127 190 240       21   5
   128 191 239       21   5
   129 192 239       21   5
   130 193 239       21   5
   131 194 238       21   5
   132 195 238       21   5
   133 196 238       21   5
   134 197 238       21   5
   135 197 237       21   5
   136 198 236       21   5
   136 199 235       21   5
   137 200 234       21   5
   137 200 233       21   5
   137 200 232       21   5
   138 201 231       21   5
   139 202 230       21   5
   139 202 229       21   5
   140 203 229       21   5
   141 203 229       21   5
   142 204 228       21   5
   143 205 228       21   5
   144 205 227       21   5
   145 206 226       21   5
   146 207 226       21   5
   147 207 225       21   5
   148 208 224       21   5
   149 209 224       21   5
   150 209 223       21   5
   151 210 222       21   5
   152 211 222       21   5
   153 211 221       21   5
   154 212 220       21   5
   155 213 220       21   5
   156 213 219       21   5
   157 214 218       21   5
   158 215 218       21   5
   159 216 217       21   5
   160 217 216       21   5
   161 218 216       21   5
   162 218 216       21   5
   163 219 215       21   5
   164 220 215       21   5
   165 220 215       21   5
   166 221 214       21   5
   167 222 214       21   5


#Segment 22 (Axon 6)
#count= 65
   225 226 160       22   6
   225 225 161       22   6
   225 224 161       22   6
   225 223 161       22   6
   224 222 161       22   6
   224 221 161       22   6
   224 220 161       22   6
   224 219 161       22   6
   223 218 161       22   6
   223 217 161       22   6
   223 216 161       22   6
   223 215 161       22   6
   222 214 161       22   6
   222 213 161       22   6
   221 212 161       22   6
   221 211 161       22   6
   220 210 161       22   6
   220 209 161       22   6
   220 208 161       22   6
   219 207 160       22   6
   219 206 160       22   6
   219 205 160       22   6
   218 204 159       22   6
   218 203 159       22   6
   218 202 159       22   6
   217 201 158       22   6
   217 200 158       22   6
   217 199 158       22   6
   216 198 157       22   6
   216 197 157       22   6
   216 196 157       22   6
   215 195 156       22   6
   215 194 156       22   6
   215 193 156       22   6
   214 192 156       22   6
   214 191 156       22   6
   214 190 156       22   6
   213 189 155       22   6
   213 188 155       22   6
   213 187 155       22   6
   212 186 155       22   6
   212 185 155       22   6
   212 184 155       22   6
   211 183 155       22   6
   211 182 155       22   6
   211 181 155       22   6
   210 180 154       22   6
   210 179 154       22   6
   210 178 154       22   6
   209 177 154       22   6
   209 176 154       22   6
   209 175 154       22   6
   208 174 153       22   6
   208 173 153       22   6
   208 172 153       22   6
   207 171 152       22   6
   207 170 152       22   6
   207 169 152       22   6
   206 168 151       22   6
   206 167 150       22   6
   206 166 150       22   6
   205 165 149       22   6
   204 164 149       22   6
   203 163 149       22   6
   202 162 148       22   6

#Segment 23 (Axon 6)
#count= 213
   202 162 148       23   6
   202 161 147       23   6
   202 160 147       23   6
   202 159 147       23   6
   202 158 147       23   6
   202 157 147       23   6
   202 156 147       23   6
   202 155 146       23   6
   202 154 146       23   6
   202 153 146       23   6
   202 152 145       23   6
   202 151 145       23   6
   202 150 145       23   6
   202 149 144       23   6
   202 148 144       23   6
   202 147 144       23   6
   202 146 143       23   6
   202 145 144       23   6
   202 144 144       23   6
   201 143 144       23   6
   201 142 144       23   6
   201 141 144       23   6
   201 140 144       23   6
   201 139 144       23   6
   201 138 144       23   6
   201 137 144       23   6
   201 136 143       23   6
   201 135 143       23   6
   201 134 142       23   6
   201 133 142       23   6
   201 132 142       23   6
   201 131 142       23   6
   201 130 143       23   6
   201 129 143       23   6
   200 128 143       23   6
   200 127 143       23   6
   200 126 143       23   6
   200 125 143       23   6
   200 124 143       23   6
   200 123 143       23   6
   200 122 143       23   6
   200 121 144       23   6
   200 120 144       23   6
   200 119 144       23   6
   200 118 144       23   6
   200 117 144       23   6
   200 116 144       23   6
   201 115 145       23   6
   201 114 146       23   6
   201 113 146       23   6
   202 112 146       23   6
   202 111 146       23   6
   202 110 146       23   6
   203 109 146       23   6
   203 108 146       23   6
   203 107 145       23   6
   203 106 145       23   6
   203 105 145       23   6
   203 104 145       23   6
   204 103 145       23   6
   204 102 145       23   6
   204 101 145       23   6
   204 100 145       23   6
   204 99 145       23   6
   204 98 145       23   6
   205 97 145       23   6
   205 96 145       23   6
   205 95 145       23   6
   205 94 145       23   6
   205 93 145       23   6
   205 92 145       23   6
   205 91 145       23   6
   205 90 145       23   6
   205 89 144       23   6
   205 88 143       23   6
   205 87 143       23   6
   205 86 142       23   6
   205 85 141       23   6
   205 85 140       23   6
   204 84 139       23   6
   205 84 138       23   6
   205 84 137       23   6
   205 83 136       23   6
   206 83 135       23   6
   206 83 134       23   6
   206 82 133       23   6
   207 82 132       23   6
   207 82 131       23   6
   207 81 130       23   6
   208 81 129       23   6
   208 81 128       23   6
   208 80 127       23   6
   209 80 126       23   6
   209 80 125       23   6
   209 79 124       23   6
   210 78 123       23   6
   211 78 122       23   6
   211 77 121       23   6
   212 77 120       23   6
   213 77 119       23   6
   213 76 118       23   6
   214 75 117       23   6
   215 74 116       23   6
   215 73 115       23   6
   216 73 114       23   6
   216 72 113       23   6
   216 72 112       23   6
   216 71 111       23   6
   217 71 110       23   6
   217 71 109       23   6
   217 70 108       23   6
   218 70 107       23   6
   219 70 106       23   6
   219 69 105       23   6
   220 68 104       23   6
   220 68 103       23   6
   220 67 102       23   6
   221 67 101       23   6
   221 67 100       23   6
   221 66 99       23   6
   222 66 98       23   6
   222 66 97       23   6
   222 66 96       23   6
   222 65 95       23   6
   223 65 94       23   6
   224 65 93       23   6
   225 65 92       23   6
   225 65 91       23   6
   226 66 90       23   6
   226 66 89       23   6
   226 66 88       23   6
   227 67 87       23   6
   227 67 86       23   6
   227 67 85       23   6
   228 68 84       23   6
   228 68 83       23   6
   229 68 82       23   6
   229 68 81       23   6
   230 68 81       23   6
   231 68 80       23   6
   232 68 79       23   6
   232 68 78       23   6
   233 68 77       23   6
   234 68 76       23   6
   234 67 75       23   6
   235 67 74       23   6
   236 67 73       23   6
   236 66 72       23   6
   237 66 71       23   6
   238 66 70       23   6
   238 65 69       23   6
   239 65 68       23   6
   240 65 67       23   6
   240 64 66       23   6
   241 64 65       23   6
   242 64 64       23   6
   242 63 63       23   6
   243 63 62       23   6
   244 63 61       23   6
   245 63 60       23   6
   245 63 59       23   6
   246 63 58       23   6
   247 63 57       23   6
   247 62 56       23   6
   248 61 55       23   6
   248 61 54       23   6
   248 60 53       23   6
   249 60 52       23   6
   249 60 51       23   6
   249 59 50       23   6
   250 59 49       23   6
   250 59 48       23   6
   250 58 47       23   6
   251 57 46       23   6
   251 57 45       23   6
   251 56 44       23   6
   252 55 43       23   6
   252 55 42       23   6
   252 54 41       23   6
   253 53 40       23   6
   253 53 39       23   6
   253 52 38       23   6
   253 51 37       23   6
   253 51 36       23   6
   252 50 35       23   6
   253 49 34       23   6
   253 49 33       23   6
   253 48 32       23   6
   253 47 31       23   6
   253 46 30       23   6
   253 45 29       23   6
   254 44 28       23   6
   254 44 27       23   6
   254 43 26       23   6
   255 43 25       23   6
   255 43 24       23   6
   255 42 23       23   6
   256 42 22       23   6
   256 42 21       23   6
   256 41 20       23   6
   257 41 19       23   6
   257 41 18       23   6
   257 40 17       23   6
   258 39 16       23   6
   259 38 16       23   6
   259 37 15       23   6
   260 36 14       23   6
   261 35 14       23   6
   261 34 13       23   6
   262 34 13       23   6
   263 33 12       23   6
   264 32 11       23   6
   264 31 10       23   6

#Segment 24 (Axon 6)
#count= 204
   30 110 22       24   6
   31 110 23       24   6
   32 110 24       24   6
   33 110 25       24   6
   34 111 26       24   6
   35 111 27       24   6
   36 111 28       24   6
   37 112 29       24   6
   38 112 29       24   6
   39 112 30       24   6
   40 113 31       24   6
   41 113 31       24   6
   42 114 32       24   6
   43 115 33       24   6
   44 116 34       24   6
   45 117 35       24   6
   46 118 36       24   6
   47 118 36       24   6
   48 119 37       24   6
   49 120 38       24   6
   50 121 39       24   6
   51 122 40       24   6
   51 123 40       24   6
   52 124 41       24   6
   53 124 41       24   6
   54 125 42       24   6
   55 126 43       24   6
   55 126 44       24   6
   56 127 45       24   6
   57 128 46       24   6
   57 128 47       24   6
   58 129 48       24   6
   59 130 49       24   6
   60 131 50       24   6
   61 132 51       24   6
   61 132 52       24   6
   62 133 53       24   6
   63 134 54       24   6
   63 135 54       24   6
   64 136 55       24   6
   65 137 56       24   6
   66 138 57       24   6
   67 139 58       24   6
   68 140 59       24   6
   69 140 60       24   6
   70 141 61       24   6
   71 141 61       24   6
   72 142 62       24   6
   73 142 62       24   6
   74 142 63       24   6
   75 143 64       24   6
   76 143 64       24   6
   77 143 65       24   6
   78 144 66       24   6
   79 144 66       24   6
   80 144 67       24   6
   81 145 68       24   6
   81 145 69       24   6
   82 145 70       24   6
   83 145 71       24   6
   83 145 72       24   6
   83 145 73       24   6
   84 145 74       24   6
   84 145 75       24   6
   84 145 76       24   6
   85 145 77       24   6
   85 145 78       24   6
   85 145 79       24   6
   86 146 80       24   6
   86 146 81       24   6
   86 146 82       24   6
   87 147 83       24   6
   87 147 84       24   6
   87 147 85       24   6
   88 148 86       24   6
   88 148 87       24   6
   88 148 88       24   6
   89 149 89       24   6
   89 149 90       24   6
   89 149 91       24   6
   90 150 92       24   6
   91 150 93       24   6
   92 150 94       24   6
   93 150 95       24   6
   93 150 96       24   6
   94 150 97       24   6
   95 150 98       24   6
   95 150 99       24   6
   96 150 100       24   6
   97 150 101       24   6
   97 150 102       24   6
   97 150 103       24   6
   98 150 104       24   6
   98 150 105       24   6
   99 149 106       24   6
   100 150 107       24   6
   100 150 108       24   6
   100 150 109       24   6
   101 151 110       24   6
   101 151 111       24   6
   102 151 112       24   6
   103 151 113       24   6
   103 151 114       24   6
   104 151 115       24   6
   105 152 116       24   6
   105 152 117       24   6
   106 152 118       24   6
   107 152 119       24   6
   108 152 119       24   6
   109 152 120       24   6
   110 152 121       24   6
   111 152 121       24   6
   112 152 122       24   6
   113 152 123       24   6
   114 152 123       24   6
   115 152 124       24   6
   116 153 125       24   6
   117 153 125       24   6
   118 153 125       24   6
   119 153 126       24   6
   120 153 127       24   6
   121 152 128       24   6
   122 153 129       24   6
   123 153 129       24   6
   124 153 129       24   6
   125 154 130       24   6
   126 154 130       24   6
   127 154 130       24   6
   128 155 131       24   6
   129 155 131       24   6
   130 156 132       24   6
   131 156 133       24   6
   132 156 133       24   6
   133 156 133       24   6
   134 156 133       24   6
   135 156 133       24   6
   136 156 133       24   6
   137 156 134       24   6
   138 156 134       24   6
   139 156 134       24   6
   140 156 134       24   6
   141 156 134       24   6
   142 156 134       24   6
   143 156 135       24   6
   144 156 135       24   6
   145 156 135       24   6
   146 157 136       24   6
   147 157 136       24   6
   148 157 136       24   6
   149 157 137       24   6
   150 157 137       24   6
   151 157 137       24   6
   152 157 137       24   6
   153 157 137       24   6
   154 157 137       24   6
   155 157 138       24   6
   156 157 138       24   6
   157 157 138       24   6
   158 157 139       24   6
   159 157 139       24   6
   160 157 139       24   6
   161 157 139       24   6
   162 157 139       24   6
   163 157 138       24   6
   164 157 138       24   6
   165 157 138       24   6
   166 157 138       24   6
   167 157 139       24   6
   168 157 139       24   6
   169 157 139       24   6
   169 157 139       24   6
   170 158 139       24   6
   171 158 139       24   6
   172 158 139       24   6
   173 158 139       24   6
   174 158 139       24   6
   175 158 139       24   6
   176 159 140       24   6
   177 159 140       24   6
   178 159 141       24   6
   179 160 141       24   6
   180 160 141       24   6
   181 160 141       24   6
   182 161 142       24   6
   183 161 142       24   6
   184 161 142       24   6
   185 162 143       24   6
   186 162 143       24   6
   187 162 143       24   6
   188 162 144       24   6
   189 162 144       24   6
   190 162 144       24   6
   191 162 145       24   6
   192 162 145       24   6
   193 161 146       24   6
   194 161 146       24   6
   195 161 146       24   6
   196 161 146       24   6
   197 161 147       24   6
   198 161 147       24   6
   199 161 147       24   6
   200 162 148       24   6
   201 162 148       24   6
   202 162 148       24   6


#Segment 25 (Axon 7)
#count= 31
   221 252 157       25   7
   220 253 156       25   7
   219 253 156       25   7
   218 253 155       25   7
   217 254 155       25   7
   216 254 154       25   7
   215 254 153       25   7
   214 254 152       25   7
   213 255 152       25   7
   212 255 151       25   7
   211 255 150       25   7
   210 255 149       25   7
   209 255 149       25   7
   208 255 148       25   7
   207 255 147       25   7
   206 255 146       25   7
   206 256 146       25   7
   206 257 145       25   7
   205 258 144       25   7
   205 259 144       25   7
   204 260 143       25   7
   203 261 142       25   7
   203 262 142       25   7
   203 263 141       25   7
   202 264 140       25   7
   202 265 140       25   7
   202 266 139       25   7
   201 267 138       25   7
   201 268 138       25   7
   201 269 137       25   7
   200 270 136       25   7

#Segment 26 (Axon 7)
#count= 120
   200 270 136       26   7
   200 269 136       26   7
   200 270 136       26   7
   200 271 135       26   7
   200 272 134       26   7
   199 272 133       26   7
   199 273 132       26   7
   198 273 131       26   7
   198 274 130       26   7
   197 274 129       26   7
   196 275 128       26   7
   196 276 127       26   7
   195 276 126       26   7
   194 277 125       26   7
   194 277 124       26   7
   193 277 123       26   7
   192 277 122       26   7
   192 277 121       26   7
   191 276 120       26   7
   190 276 119       26   7
   190 276 118       26   7
   189 276 117       26   7
   188 276 116       26   7
   188 276 115       26   7
   187 275 114       26   7
   186 275 113       26   7
   185 275 112       26   7
   184 274 111       26   7
   183 274 110       26   7
   182 274 109       26   7
   181 273 108       26   7
   180 273 107       26   7
   179 273 106       26   7
   178 272 105       26   7
   178 272 104       26   7
   177 272 103       26   7
   176 272 102       26   7
   175 272 101       26   7
   174 273 100       26   7
   173 273 99       26   7
   172 273 98       26   7
   171 274 97       26   7
   170 274 96       26   7
   169 274 95       26   7
   168 275 94       26   7
   167 276 94       26   7
   166 276 93       26   7
   165 277 92       26   7
   164 277 92       26   7
   163 277 91       26   7
   163 277 90       26   7
   162 277 89       26   7
   161 277 88       26   7
   160 277 87       26   7
   159 278 86       26   7
   159 278 85       26   7
   158 278 84       26   7
   157 279 83       26   7
   156 279 83       26   7
   155 279 82       26   7
   154 280 81       26   7
   153 280 81       26   7
   152 280 80       26   7
   151 280 79       26   7
   150 280 79       26   7
   149 280 78       26   7
   148 281 77       26   7
   147 281 77       26   7
   146 281 76       26   7
   145 281 75       26   7
   144 281 75       26   7
   143 281 74       26   7
   142 281 73       26   7
   141 281 73       26   7
   140 281 72       26   7
   139 282 71       26   7
   138 282 71       26   7
   137 282 70       26   7
   136 282 69       26   7
   135 282 68       26   7
   134 282 67       26   7
   133 283 66       26   7
   132 283 66       26   7
   131 283 65       26   7
   130 284 64       26   7
   129 284 64       26   7
   128 284 63       26   7
   127 285 62       26   7
   126 285 62       26   7
   125 285 61       26   7
   124 286 60       26   7
   123 286 60       26   7
   122 286 59       26   7
   121 287 58       26   7
   120 287 58       26   7
   119 287 57       26   7
   118 288 56       26   7
   117 288 55       26   7
   116 288 54       26   7
   115 289 53       26   7
   114 289 53       26   7
   113 289 52       26   7
   112 290 51       26   7
   112 291 50       26   7
   111 291 49       26   7
   110 292 49       26   7
   109 292 48       26   7
   108 292 48       26   7
   107 292 47       26   7
   107 293 47       26   7
   106 294 46       26   7
   105 295 45       26   7
   104 295 44       26   7
   104 296 44       26   7
   103 297 43       26   7
   102 298 42       26   7
   102 299 41       26   7
   101 300 40       26   7
   100 301 39       26   7
   99 302 38       26   7

#Segment 27 (Axon 7)
#count= 79
   200 270 136       27   7
   200 271 136       27   7
   200 272 135       27   7
   199 273 134       27   7
   199 274 134       27   7
   199 275 133       27   7
   199 276 132       27   7
   198 276 131       27   7
   198 277 131       27   7
   198 278 130       27   7
   198 279 129       27   7
   197 279 128       27   7
   197 280 128       27   7
   197 281 127       27   7
   196 282 126       27   7
   197 283 126       27   7
   197 284 125       27   7
   197 285 124       27   7
   197 285 123       27   7
   197 286 122       27   7
   197 287 121       27   7
   196 287 120       27   7
   196 288 120       27   7
   196 289 119       27   7
   196 290 118       27   7
   195 290 117       27   7
   195 291 116       27   7
   195 292 115       27   7
   194 292 114       27   7
   194 293 114       27   7
   194 294 113       27   7
   194 295 112       27   7
   193 295 111       27   7
   193 296 110       27   7
   193 297 109       27   7
   192 297 108       27   7
   192 298 108       27   7
   192 299 107       27   7
   192 300 106       27   7
   191 300 105       27   7
   191 301 104       27   7
   191 302 103       27   7
   190 302 102       27   7
   190 303 101       27   7
   190 304 100       27   7
   189 304 99       27   7
   189 305 98       27   7
   189 305 97       27   7
   188 305 96       27   7
   188 306 95       27   7
   188 306 94       27   7
   187 306 93       27   7
   187 307 92       27   7
   187 307 91       27   7
   186 307 90       27   7
   186 307 89       27   7
   186 307 88       27   7
   186 307 87       27   7
   186 308 86       27   7
   186 308 85       27   7
   186 308 84       27   7
   186 309 83       27   7
   186 310 82       27   7
   185 310 81       27   7
   185 311 80       27   7
   185 311 79       27   7
   184 311 78       27   7
   184 312 77       27   7
   184 312 76       27   7
   183 312 75       27   7
   183 313 74       27   7
   183 313 73       27   7
   182 313 72       27   7
   182 314 71       27   7
   182 315 70       27   7
   181 315 69       27   7
   181 316 68       27   7
   181 317 67       27   7
   180 317 66       27   7

#Segment 28 (Axon 7)
#count= 53
   180 317 66       28   7
   179 317 66       28   7
   178 316 66       28   7
   177 317 65       28   7
   176 318 65       28   7
   175 318 64       28   7
   175 319 63       28   7
   174 319 62       28   7
   173 319 61       28   7
   172 319 60       28   7
   171 320 60       28   7
   170 321 60       28   7
   169 321 59       28   7
   168 322 59       28   7
   167 322 59       28   7
   166 322 58       28   7
   166 323 58       28   7
   165 324 58       28   7
   164 325 58       28   7
   163 325 58       28   7
   163 326 58       28   7
   162 327 58       28   7
   161 328 58       28   7
   160 328 58       28   7
   159 329 58       28   7
   158 330 58       28   7
   157 330 58       28   7
   156 331 58       28   7
   155 332 58       28   7
   154 332 58       28   7
   153 333 58       28   7
   152 334 58       28   7
   151 334 58       28   7
   150 335 58       28   7
   149 336 58       28   7
   148 336 57       28   7
   147 337 58       28   7
   146 338 58       28   7
   145 338 58       28   7
   144 339 58       28   7
   143 340 58       28   7
   142 340 57       28   7
   141 341 56       28   7
   140 342 56       28   7
   139 342 55       28   7
   139 343 55       28   7
   138 344 55       28   7
   137 345 55       28   7
   136 345 55       28   7
   136 346 56       28   7
   135 347 56       28   7
   134 348 56       28   7
   133 348 56       28   7

#Segment 29 (Axon 7)
#count= 49
   180 317 66       29   7
   180 318 65       29   7
   180 319 64       29   7
   179 319 63       29   7
   179 320 62       29   7
   179 321 61       29   7
   179 321 60       29   7
   179 322 59       29   7
   179 323 58       29   7
   179 323 57       29   7
   179 324 56       29   7
   179 325 55       29   7
   179 325 54       29   7
   179 326 53       29   7
   179 327 52       29   7
   179 327 51       29   7
   180 328 50       29   7
   180 329 49       29   7
   180 329 48       29   7
   180 330 47       29   7
   180 330 46       29   7
   180 330 45       29   7
   181 331 44       29   7
   181 331 43       29   7
   181 331 42       29   7
   181 332 41       29   7
   181 332 40       29   7
   180 332 39       29   7
   180 332 38       29   7
   180 332 37       29   7
   180 332 36       29   7
   180 333 35       29   7
   180 333 34       29   7
   179 333 33       29   7
   179 334 32       29   7
   179 334 31       29   7
   178 334 30       29   7
   178 335 29       29   7
   178 335 28       29   7
   177 335 27       29   7
   177 336 26       29   7
   177 336 25       29   7
   176 336 24       29   7
   177 337 23       29   7
   177 337 22       29   7
   177 337 21       29   7
   177 338 20       29   7
   177 339 19       29   7
   176 339 18       29   7


#Segment 30 (Axon 8)
#count= 67
   236 272 187       30   8
   236 273 188       30   8
   236 274 188       30   8
   236 275 188       30   8
   236 276 189       30   8
   236 277 189       30   8
   235 278 189       30   8
   235 279 190       30   8
   235 280 190       30   8
   235 281 190       30   8
   235 282 191       30   8
   235 283 191       30   8
   234 284 191       30   8
   234 284 192       30   8
   234 284 193       30   8
   234 284 194       30   8
   234 284 195       30   8
   234 284 196       30   8
   234 284 197       30   8
   235 285 198       30   8
   235 285 199       30   8
   235 285 200       30   8
   236 286 201       30   8
   236 286 202       30   8
   237 286 203       30   8
   238 287 204       30   8
   238 287 205       30   8
   238 287 206       30   8
   239 288 207       30   8
   239 288 208       30   8
   239 289 209       30   8
   240 290 210       30   8
   240 290 211       30   8
   241 291 212       30   8
   242 291 213       30   8
   243 291 214       30   8
   244 291 215       30   8
   245 291 215       30   8
   246 292 216       30   8
   247 292 217       30   8
   248 292 218       30   8
   248 292 219       30   8
   249 291 218       30   8
   248 291 217       30   8
   248 291 216       30   8
   247 291 215       30   8
   246 291 214       30   8
   245 291 213       30   8
   244 291 212       30   8
   243 291 211       30   8
   242 291 210       30   8
   241 291 210       30   8
   240 290 209       30   8
   239 290 208       30   8
   238 290 207       30   8
   238 289 206       30   8
   238 289 205       30   8
   237 288 204       30   8
   237 287 203       30   8
   237 287 202       30   8
   236 286 201       30   8
   236 286 200       30   8
   236 286 199       30   8
   235 285 198       30   8
   235 285 197       30   8
   235 285 196       30   8
   235 285 195       30   8

#Segment 31 (Axon 8)
#count= 18
   235 285 195       31   8
   236 286 196       31   8
   236 287 197       31   8
   237 288 198       31   8
   237 289 198       31   8
   237 290 199       31   8
   237 291 199       31   8
   236 292 199       31   8
   236 293 200       31   8
   236 294 200       31   8
   236 295 200       31   8
   236 296 201       31   8
   236 297 201       31   8
   235 298 201       31   8
   235 299 201       31   8
   235 300 201       31   8
   235 301 201       31   8
   235 302 202       31   8

#Segment 32 (Axon 8)
#count= 195
   235 302 202       32   8
   235 303 202       32   8
   235 304 202       32   8
   235 305 202       32   8
   235 306 202       32   8
   235 307 202       32   8
   235 308 202       32   8
   235 309 202       32   8
   235 310 201       32   8
   236 311 201       32   8
   237 312 201       32   8
   238 313 200       32   8
   238 314 200       32   8
   238 315 200       32   8
   238 316 200       32   8
   238 317 199       32   8
   239 318 199       32   8
   240 319 198       32   8
   241 320 197       32   8
   242 321 196       32   8
   243 322 195       32   8
   244 323 194       32   8
   244 323 193       32   8
   244 324 193       32   8
   244 325 192       32   8
   244 326 192       32   8
   244 327 191       32   8
   244 328 191       32   8
   244 329 190       32   8
   243 330 189       32   8
   243 331 189       32   8
   243 332 189       32   8
   242 333 188       32   8
   242 334 188       32   8
   242 335 187       32   8
   242 336 186       32   8
   242 336 185       32   8
   242 337 185       32   8
   242 338 184       32   8
   242 339 183       32   8
   242 340 183       32   8
   242 341 182       32   8
   242 342 181       32   8
   243 343 181       32   8
   243 344 180       32   8
   244 345 179       32   8
   244 345 178       32   8
   245 346 178       32   8
   245 347 177       32   8
   245 348 176       32   8
   245 348 175       32   8
   246 349 175       32   8
   246 350 174       32   8
   246 351 173       32   8
   246 351 172       32   8
   247 352 172       32   8
   247 353 172       32   8
   248 354 171       32   8
   249 355 171       32   8
   249 356 170       32   8
   249 357 169       32   8
   250 358 169       32   8
   250 359 168       32   8
   251 360 167       32   8
   251 361 167       32   8
   251 362 167       32   8
   251 363 167       32   8
   252 364 167       32   8
   252 365 166       32   8
   253 366 165       32   8
   254 367 165       32   8
   254 368 165       32   8
   254 369 164       32   8
   255 370 164       32   8
   255 371 164       32   8
   256 372 163       32   8
   257 373 163       32   8
   257 374 162       32   8
   257 375 161       32   8
   257 375 160       32   8
   258 376 160       32   8
   258 377 159       32   8
   258 378 158       32   8
   258 379 158       32   8
   258 380 157       32   8
   258 381 156       32   8
   258 382 156       32   8
   258 383 155       32   8
   257 384 154       32   8
   257 385 154       32   8
   257 386 153       32   8
   257 387 152       32   8
   257 387 151       32   8
   258 388 150       32   8
   258 389 149       32   8
   258 389 148       32   8
   259 390 148       32   8
   259 391 147       32   8
   259 392 146       32   8
   260 393 145       32   8
   261 394 144       32   8
   261 394 143       32   8
   262 395 143       32   8
   262 396 142       32   8
   262 397 141       32   8
   262 397 140       32   8
   263 398 140       32   8
   263 399 139       32   8
   263 400 138       32   8
   263 400 137       32   8
   264 401 137       32   8
   264 402 136       32   8
   264 403 135       32   8
   265 404 135       32   8
   265 405 134       32   8
   265 406 133       32   8
   265 407 133       32   8
   265 408 133       32   8
   265 409 133       32   8
   266 410 133       32   8
   266 411 132       32   8
   266 412 131       32   8
   266 413 131       32   8
   266 414 130       32   8
   266 415 129       32   8
   267 416 129       32   8
   267 417 129       32   8
   267 418 128       32   8
   268 419 128       32   8
   268 420 128       32   8
   268 421 128       32   8
   269 422 128       32   8
   269 423 128       32   8
   269 424 127       32   8
   269 425 127       32   8
   269 426 126       32   8
   269 427 125       32   8
   270 428 125       32   8
   270 429 124       32   8
   270 430 123       32   8
   270 431 123       32   8
   270 432 122       32   8
   269 433 121       32   8
   269 434 121       32   8
   269 435 120       32   8
   269 436 119       32   8
   270 437 119       32   8
   270 438 119       32   8
   270 439 118       32   8
   271 440 118       32   8
   271 441 117       32   8
   271 442 116       32   8
   271 442 115       32   8
   272 443 115       32   8
   272 444 114       32   8
   272 445 113       32   8
   273 446 113       32   8
   273 447 112       32   8
   273 448 111       32   8
   273 448 110       32   8
   274 449 110       32   8
   274 450 109       32   8
   274 451 108       32   8
   274 451 107       32   8
   274 452 107       32   8
   274 453 106       32   8
   274 454 105       32   8
   274 454 104       32   8
   275 455 103       32   8
   275 456 102       32   8
   275 456 101       32   8
   276 457 100       32   8
   276 458 99       32   8
   276 458 98       32   8
   276 459 98       32   8
   276 460 97       32   8
   276 461 96       32   8
   276 461 95       32   8
   277 462 94       32   8
   277 462 93       32   8
   277 462 92       32   8
   278 463 91       32   8
   278 463 90       32   8
   279 463 89       32   8
   279 463 88       32   8
   280 464 87       32   8
   281 465 86       32   8
   281 465 85       32   8
   282 466 84       32   8
   283 467 83       32   8
   283 467 82       32   8
   284 468 82       32   8
   284 469 81       32   8
   284 470 80       32   8
   284 470 79       32   8

#Segment 33 (Axon 8)
#count= 12
   235 302 202       33   8
   235 303 202       33   8
   234 304 202       33   8
   234 305 203       33   8
   234 306 203       33   8
   234 307 204       33   8
   234 308 204       33   8
   233 309 204       33   8
   232 310 204       33   8
   231 310 204       33   8
   231 311 204       33   8
   231 312 204       33   8

#Segment 34 (Axon 8)
#count= 24
   231 312 204       34   8
   231 313 205       34   8
   231 314 205       34   8
   231 315 205       34   8
   231 316 205       34   8
   231 317 205       34   8
   230 318 205       34   8
   229 319 204       34   8
   228 320 203       34   8
   227 320 203       34   8
   226 320 202       34   8
   226 321 201       34   8
   226 321 200       34   8
   225 321 199       34   8
   225 322 198       34   8
   224 322 197       34   8
   224 323 196       34   8
   223 323 195       34   8
   222 324 194       34   8
   221 325 193       34   8
   221 326 193       34   8
   220 327 192       34   8
   220 328 191       34   8
   219 329 190       34   8

#Segment 35 (Axon 8)
#count= 81
   231 312 204       35   8
   231 313 204       35   8
   231 314 204       35   8
   231 315 204       35   8
   231 316 203       35   8
   231 317 204       35   8
   231 318 204       35   8
   230 319 205       35   8
   230 320 206       35   8
   230 321 206       35   8
   230 322 206       35   8
   230 323 206       35   8
   230 324 206       35   8
   230 325 206       35   8
   230 326 206       35   8
   230 327 206       35   8
   230 328 206       35   8
   230 329 206       35   8
   230 330 206       35   8
   230 331 206       35   8
   230 332 206       35   8
   230 333 206       35   8
   230 334 206       35   8
   230 335 206       35   8
   230 336 206       35   8
   230 337 205       35   8
   230 338 206       35   8
   230 339 206       35   8
   230 340 207       35   8
   230 341 207       35   8
   230 342 207       35   8
   230 343 207       35   8
   230 344 207       35   8
   230 345 207       35   8
   230 346 207       35   8
   230 347 208       35   8
   230 348 208       35   8
   230 349 208       35   8
   231 350 208       35   8
   231 351 208       35   8
   231 352 207       35   8
   232 353 207       35   8
   232 354 207       35   8
   233 355 207       35   8
   233 356 208       35   8
   233 357 208       35   8
   233 358 208       35   8
   233 359 208       35   8
   233 360 208       35   8
   233 361 208       35   8
   233 362 209       35   8
   233 363 209       35   8
   233 364 209       35   8
   233 365 209       35   8
   233 366 209       35   8
   233 367 208       35   8
   233 368 208       35   8
   233 369 208       35   8
   233 370 207       35   8
   233 370 207       35   8
   234 370 208       35   8
   234 370 209       35   8
   234 369 210       35   8
   234 370 210       35   8
   234 371 210       35   8
   234 372 209       35   8
   235 373 210       35   8
   235 374 210       35   8
   235 375 210       35   8
   235 376 210       35   8
   234 377 209       35   8
   233 378 208       35   8
   233 379 209       35   8
   233 380 209       35   8
   233 381 209       35   8
   233 382 210       35   8
   233 383 210       35   8
   233 384 210       35   8
   233 385 210       35   8
   233 386 210       35   8
   233 387 210       35   8

#Segment 36 (Axon 8)
#count= 44
   235 302 202       36   8
   234 302 202       36   8
   233 302 202       36   8
   233 303 202       36   8
   232 304 202       36   8
   231 305 201       36   8
   231 306 202       36   8
   231 307 202       36   8
   230 308 203       36   8
   230 309 204       36   8
   230 310 204       36   8
   230 311 204       36   8
   230 312 204       36   8
   229 313 204       36   8
   228 314 203       36   8
   227 315 203       36   8
   226 316 203       36   8
   225 316 203       36   8
   224 317 204       36   8
   223 317 204       36   8
   222 317 204       36   8
   221 317 204       36   8
   220 317 204       36   8
   219 318 204       36   8
   218 319 204       36   8
   217 319 204       36   8
   216 319 205       36   8
   215 319 205       36   8
   214 319 205       36   8
   213 319 205       36   8
   212 319 205       36   8
   211 319 205       36   8
   210 319 205       36   8
   209 319 205       36   8
   208 319 204       36   8
   207 320 205       36   8
   206 320 205       36   8
   205 320 205       36   8
   204 321 206       36   8
   203 321 206       36   8
   202 321 206       36   8
   201 322 206       36   8
   200 322 206       36   8
   199 322 205       36   8

#Segment 37 (Axon 8)
#count= 74
   199 322 205       37   8
   199 322 206       37   8
   198 322 207       37   8
   197 322 207       37   8
   196 321 207       37   8
   195 321 207       37   8
   194 321 207       37   8
   193 321 206       37   8
   192 322 207       37   8
   191 322 207       37   8
   190 322 207       37   8
   189 321 208       37   8
   188 321 208       37   8
   187 320 208       37   8
   186 320 208       37   8
   185 320 208       37   8
   184 319 208       37   8
   183 319 209       37   8
   182 319 210       37   8
   181 318 210       37   8
   180 318 211       37   8
   179 318 211       37   8
   178 318 211       37   8
   177 318 212       37   8
   176 318 212       37   8
   175 317 212       37   8
   174 316 213       37   8
   173 316 213       37   8
   172 315 213       37   8
   171 314 213       37   8
   170 314 213       37   8
   169 313 213       37   8
   168 312 213       37   8
   167 312 213       37   8
   166 311 213       37   8
   166 311 214       37   8
   165 310 215       37   8
   164 310 216       37   8
   163 309 216       37   8
   162 308 216       37   8
   161 308 216       37   8
   160 307 216       37   8
   159 307 216       37   8
   158 307 216       37   8
   157 306 216       37   8
   156 305 217       37   8
   155 305 217       37   8
   154 304 217       37   8
   153 303 218       37   8
   152 303 219       37   8
   151 302 219       37   8
   150 301 220       37   8
   149 300 221       37   8
   148 299 221       37   8
   147 298 222       37   8
   146 297 223       37   8
   145 296 223       37   8
   144 295 224       37   8
   143 294 224       37   8
   142 293 224       37   8
   141 292 225       37   8
   141 291 225       37   8
   140 290 225       37   8
   139 290 226       37   8
   138 289 226       37   8
   137 289 226       37   8
   136 288 226       37   8
   136 288 227       37   8
   135 288 228       37   8
   134 288 229       37   8
   133 287 229       37   8
   132 287 230       37   8
   131 287 231       37   8
   130 286 231       37   8

#Segment 38 (Axon 8)
#count= 20
   130 286 231       38   8
   131 285 231       38   8
   130 285 232       38   8
   129 285 232       38   8
   128 284 232       38   8
   127 283 233       38   8
   126 283 233       38   8
   125 282 233       38   8
   124 281 234       38   8
   123 281 234       38   8
   122 280 234       38   8
   121 280 235       38   8
   120 280 236       38   8
   119 280 236       38   8
   118 281 237       38   8
   117 281 238       38   8
   116 281 238       38   8
   115 281 239       38   8
   114 281 240       38   8
   113 280 240       38   8

#Segment 39 (Axon 8)
#count= 74
   130 286 231       39   8
   130 285 232       39   8
   129 284 233       39   8
   128 284 234       39   8
   127 284 234       39   8
   126 284 234       39   8
   125 284 235       39   8
   124 284 236       39   8
   123 283 236       39   8
   122 283 237       39   8
   121 283 238       39   8
   120 282 238       39   8
   119 282 239       39   8
   118 282 240       39   8
   117 282 240       39   8
   116 282 241       39   8
   115 282 242       39   8
   114 281 242       39   8
   113 281 243       39   8
   112 281 243       39   8
   111 281 243       39   8
   110 281 244       39   8
   109 281 245       39   8
   108 281 246       39   8
   107 281 247       39   8
   106 282 248       39   8
   105 282 249       39   8
   105 282 250       39   8
   105 282 251       39   8
   104 281 252       39   8
   104 281 253       39   8
   104 281 254       39   8
   103 280 255       39   8
   103 280 256       39   8
   102 280 257       39   8
   101 280 258       39   8
   100 279 258       39   8
   99 279 259       39   8
   98 279 260       39   8
   97 278 260       39   8
   97 278 261       39   8
   96 278 262       39   8
   95 278 263       39   8
   94 277 263       39   8
   93 276 264       39   8
   92 275 265       39   8
   92 275 266       39   8
   91 275 267       39   8
   90 274 268       39   8
   89 274 269       39   8
   88 274 270       39   8
   87 273 270       39   8
   86 272 271       39   8
   85 271 272       39   8
   84 270 272       39   8
   84 270 273       39   8
   83 269 274       39   8
   82 268 275       39   8
   82 268 276       39   8
   81 267 277       39   8
   81 267 278       39   8
   80 266 279       39   8
   79 265 280       39   8
   78 265 281       39   8
   77 264 281       39   8
   76 264 282       39   8
   75 264 282       39   8
   74 263 282       39   8
   73 263 283       39   8
   72 263 284       39   8
   71 262 284       39   8
   70 261 285       39   8
   69 261 285       39   8
   68 260 285       39   8

#Segment 40 (Axon 8)
#count= 150
   199 322 205       40   8
   198 323 205       40   8
   197 324 205       40   8
   196 324 205       40   8
   195 325 205       40   8
   194 326 205       40   8
   193 326 204       40   8
   192 327 205       40   8
   191 328 205       40   8
   190 328 205       40   8
   189 329 205       40   8
   188 330 205       40   8
   187 330 204       40   8
   186 331 203       40   8
   185 331 203       40   8
   184 331 202       40   8
   183 332 203       40   8
   182 332 203       40   8
   181 332 203       40   8
   180 333 203       40   8
   179 333 203       40   8
   178 333 202       40   8
   177 334 202       40   8
   176 334 202       40   8
   175 334 202       40   8
   174 334 202       40   8
   173 334 202       40   8
   172 334 201       40   8
   171 335 201       40   8
   170 335 201       40   8
   169 335 200       40   8
   168 335 200       40   8
   167 335 200       40   8
   166 335 200       40   8
   165 336 200       40   8
   164 336 200       40   8
   163 336 200       40   8
   162 337 200       40   8
   161 337 200       40   8
   160 337 200       40   8
   159 338 200       40   8
   158 338 200       40   8
   157 338 200       40   8
   156 338 201       40   8
   155 338 201       40   8
   154 338 201       40   8
   153 338 202       40   8
   152 338 202       40   8
   151 338 202       40   8
   150 338 202       40   8
   149 338 202       40   8
   148 338 202       40   8
   147 338 202       40   8
   146 338 202       40   8
   145 338 202       40   8
   144 338 202       40   8
   143 338 202       40   8
   142 337 202       40   8
   141 338 202       40   8
   140 338 202       40   8
   139 338 202       40   8
   138 339 202       40   8
   137 339 202       40   8
   136 339 202       40   8
   135 340 202       40   8
   134 340 202       40   8
   133 340 202       40   8
   132 341 202       40   8
   131 341 202       40   8
   130 341 202       40   8
   129 342 202       40   8
   128 343 202       40   8
   127 343 202       40   8
   126 344 202       40   8
   125 345 202       40   8
   124 345 202       40   8
   123 346 203       40   8
   122 346 203       40   8
   121 346 203       40   8
   120 347 204       40   8
   119 348 205       40   8
   118 348 205       40   8
   117 348 205       40   8
   116 348 205       40   8
   115 348 205       40   8
   114 349 205       40   8
   113 349 205       40   8
   112 349 205       40   8
   111 350 205       40   8
   110 350 205       40   8
   109 350 205       40   8
   108 351 205       40   8
   107 351 205       40   8
   106 351 205       40   8
   105 352 206       40   8
   104 352 206       40   8
   103 352 206       40   8
   102 352 207       40   8
   101 352 207       40   8
   100 352 207       40   8
   99 352 207       40   8
   98 353 207       40   8
   97 354 207       40   8
   96 354 207       40   8
   95 355 206       40   8
   94 356 206       40   8
   93 356 205       40   8
   92 357 206       40   8
   91 358 206       40   8
   90 358 206       40   8
   89 359 206       40   8
   88 360 206       40   8
   87 360 206       40   8
   86 361 206       40   8
   85 362 206       40   8
   84 362 206       40   8
   83 363 206       40   8
   82 364 206       40   8
   81 364 206       40   8
   80 365 207       40   8
   79 366 207       40   8
   78 366 207       40   8
   77 367 207       40   8
   76 368 207       40   8
   75 368 207       40   8
   74 369 208       40   8
   73 370 208       40   8
   72 370 208       40   8
   71 371 208       40   8
   70 372 208       40   8
   69 372 208       40   8
   68 373 208       40   8
   67 374 208       40   8
   66 374 208       40   8
   65 375 208       40   8
   64 375 208       40   8
   63 375 208       40   8
   62 376 208       40   8
   61 377 208       40   8
   60 377 208       40   8
   59 378 209       40   8
   58 378 209       40   8
   57 378 209       40   8
   56 379 209       40   8
   55 380 209       40   8
   54 380 209       40   8
   53 381 209       40   8
   52 381 209       40   8
   51 381 209       40   8
   50 381 209       40   8

#Segment 41 (Axon 8)
#count= 23
   235 285 195       41   8
   236 286 195       41   8
   236 287 195       41   8
   237 288 195       41   8
   238 289 195       41   8
   238 290 195       41   8
   239 291 194       41   8
   239 291 193       41   8
   239 291 192       41   8
   240 292 192       41   8
   241 292 191       41   8
   242 292 190       41   8
   243 293 189       41   8
   244 294 188       41   8
   244 294 187       41   8
   245 295 187       41   8
   246 295 186       41   8
   247 296 185       41   8
   248 296 184       41   8
   249 297 183       41   8
   250 297 182       41   8
   251 297 181       41   8
   252 297 180       41   8
