# 3D trace file


#Segment 0 (Axon 1)
#count= 14
   254 379 160       0   1
   255 378 160       0   1
   255 377 159       0   1
   256 376 158       0   1
   256 375 158       0   1
   256 374 157       0   1
   257 373 157       0   1
   257 372 157       0   1
   257 371 156       0   1
   257 370 155       0   1
   257 369 155       0   1
   257 368 154       0   1
   257 368 153       0   1
   257 368 152       0   1

#Segment 1 (Axon 1)
#count= 64
   257 368 152       1   1
   258 369 151       1   1
   259 369 150       1   1
   260 369 149       1   1
   260 369 148       1   1
   260 369 147       1   1
   261 370 146       1   1
   261 370 145       1   1
   261 370 144       1   1
   262 371 143       1   1
   263 371 142       1   1
   263 371 141       1   1
   264 372 141       1   1
   265 372 140       1   1
   266 372 139       1   1
   266 372 138       1   1
   267 372 137       1   1
   267 372 136       1   1
   268 372 135       1   1
   268 372 134       1   1
   268 372 133       1   1
   269 373 132       1   1
   270 374 131       1   1
   270 374 130       1   1
   271 374 129       1   1
   272 374 128       1   1
   273 375 128       1   1
   274 375 127       1   1
   275 375 126       1   1
   276 376 126       1   1
   277 376 125       1   1
   278 376 124       1   1
   279 376 124       1   1
   280 376 123       1   1
   281 376 122       1   1
   282 377 122       1   1
   283 377 121       1   1
   284 377 120       1   1
   285 377 120       1   1
   286 377 119       1   1
   287 376 118       1   1
   288 377 118       1   1
   289 377 117       1   1
   290 377 116       1   1
   291 377 116       1   1
   292 377 115       1   1
   293 377 114       1   1
   293 376 113       1   1
   294 376 112       1   1
   295 376 111       1   1
   295 375 110       1   1
   296 375 110       1   1
   297 375 109       1   1
   298 375 108       1   1
   299 375 108       1   1
   300 375 108       1   1
   301 374 107       1   1
   302 374 107       1   1
   303 374 106       1   1
   304 374 105       1   1
   305 374 105       1   1
   306 374 105       1   1
   307 374 105       1   1
   308 374 105       1   1

#Segment 2 (Axon 1)
#count= 244
   308 374 105       2   1
   309 374 106       2   1
   310 373 106       2   1
   311 372 107       2   1
   311 371 107       2   1
   312 370 108       2   1
   312 369 108       2   1
   313 368 109       2   1
   313 367 109       2   1
   314 367 108       2   1
   315 367 107       2   1
   315 366 106       2   1
   315 366 105       2   1
   315 366 104       2   1
   315 366 103       2   1
   315 366 102       2   1
   314 365 101       2   1
   314 364 100       2   1
   314 364 99       2   1
   314 363 98       2   1
   315 362 97       2   1
   316 361 97       2   1
   316 360 96       2   1
   317 360 95       2   1
   317 360 94       2   1
   317 359 93       2   1
   318 360 93       2   1
   319 360 92       2   1
   320 360 91       2   1
   321 360 91       2   1
   322 360 90       2   1
   323 360 89       2   1
   324 360 89       2   1
   325 359 89       2   1
   326 358 88       2   1
   327 358 88       2   1
   328 357 88       2   1
   329 356 87       2   1
   330 356 87       2   1
   331 356 86       2   1
   332 356 85       2   1
   333 356 85       2   1
   334 355 85       2   1
   335 354 84       2   1
   336 354 84       2   1
   337 354 84       2   1
   338 353 83       2   1
   339 353 83       2   1
   340 352 83       2   1
   341 351 83       2   1
   341 350 82       2   1
   342 350 82       2   1
   343 349 82       2   1
   344 348 81       2   1
   345 347 81       2   1
   345 346 81       2   1
   346 345 81       2   1
   346 344 80       2   1
   347 343 81       2   1
   348 342 81       2   1
   348 341 81       2   1
   349 340 81       2   1
   350 339 81       2   1
   350 338 80       2   1
   351 337 80       2   1
   352 336 80       2   1
   352 335 80       2   1
   353 334 80       2   1
   354 333 80       2   1
   354 332 79       2   1
   355 331 79       2   1
   356 330 79       2   1
   356 329 78       2   1
   357 328 78       2   1
   358 327 78       2   1
   358 326 77       2   1
   359 325 76       2   1
   360 324 76       2   1
   360 323 75       2   1
   361 323 75       2   1
   362 322 75       2   1
   363 321 75       2   1
   363 320 74       2   1
   364 320 74       2   1
   365 319 74       2   1
   366 318 74       2   1
   366 317 73       2   1
   367 317 73       2   1
   368 316 72       2   1
   369 315 72       2   1
   369 314 71       2   1
   370 314 71       2   1
   371 313 70       2   1
   372 312 70       2   1
   372 311 69       2   1
   373 311 69       2   1
   374 310 68       2   1
   375 309 68       2   1
   375 308 67       2   1
   376 307 67       2   1
   376 306 66       2   1
   377 305 66       2   1
   377 304 65       2   1
   378 303 64       2   1
   379 302 64       2   1
   379 301 63       2   1
   380 300 63       2   1
   381 299 63       2   1
   381 298 63       2   1
   382 298 63       2   1
   383 297 63       2   1
   384 296 63       2   1
   385 295 62       2   1
   386 294 62       2   1
   387 293 62       2   1
   387 292 61       2   1
   388 291 62       2   1
   389 290 62       2   1
   389 289 62       2   1
   390 288 61       2   1
   391 287 61       2   1
   391 286 60       2   1
   392 285 60       2   1
   393 284 60       2   1
   393 283 59       2   1
   394 282 60       2   1
   395 281 60       2   1
   395 280 60       2   1
   396 279 60       2   1
   397 278 60       2   1
   397 277 60       2   1
   398 277 61       2   1
   399 276 61       2   1
   400 275 61       2   1
   401 274 60       2   1
   401 273 60       2   1
   401 272 59       2   1
   402 271 58       2   1
   402 270 57       2   1
   402 269 56       2   1
   403 268 56       2   1
   404 267 56       2   1
   404 266 55       2   1
   405 265 55       2   1
   406 264 55       2   1
   406 263 54       2   1
   407 262 54       2   1
   407 261 54       2   1
   407 260 54       2   1
   408 259 54       2   1
   408 258 54       2   1
   408 257 53       2   1
   409 256 53       2   1
   409 255 53       2   1
   409 254 52       2   1
   410 253 53       2   1
   411 252 53       2   1
   411 251 53       2   1
   412 250 53       2   1
   412 249 53       2   1
   412 248 52       2   1
   413 247 52       2   1
   413 246 52       2   1
   413 245 52       2   1
   414 244 51       2   1
   414 243 51       2   1
   414 242 50       2   1
   415 241 50       2   1
   416 240 50       2   1
   416 239 49       2   1
   416 238 50       2   1
   416 237 50       2   1
   416 236 50       2   1
   417 235 49       2   1
   417 234 49       2   1
   417 233 48       2   1
   418 232 48       2   1
   419 231 48       2   1
   419 230 48       2   1
   420 229 48       2   1
   420 228 48       2   1
   420 227 47       2   1
   420 226 47       2   1
   420 225 47       2   1
   420 224 46       2   1
   421 223 46       2   1
   421 222 46       2   1
   421 221 45       2   1
   422 220 45       2   1
   422 219 45       2   1
   422 218 44       2   1
   423 217 44       2   1
   423 216 44       2   1
   423 215 43       2   1
   424 214 42       2   1
   424 213 42       2   1
   424 212 41       2   1
   425 211 41       2   1
   425 210 41       2   1
   425 209 40       2   1
   425 208 40       2   1
   425 207 40       2   1
   425 206 39       2   1
   426 205 38       2   1
   426 204 38       2   1
   426 203 37       2   1
   426 202 37       2   1
   426 201 37       2   1
   426 200 37       2   1
   426 199 38       2   1
   426 199 38       2   1
   426 198 37       2   1
   426 197 37       2   1
   425 196 36       2   1
   425 195 36       2   1
   425 194 36       2   1
   424 193 35       2   1
   424 192 35       2   1
   424 191 35       2   1
   423 190 34       2   1
   422 189 34       2   1
   422 188 34       2   1
   421 187 34       2   1
   421 186 34       2   1
   421 185 34       2   1
   420 184 33       2   1
   420 183 33       2   1
   420 182 33       2   1
   420 181 33       2   1
   420 180 33       2   1
   420 179 33       2   1
   419 178 32       2   1
   420 177 32       2   1
   420 176 32       2   1
   420 175 31       2   1
   419 174 31       2   1
   419 173 31       2   1
   418 172 31       2   1
   419 171 31       2   1
   419 170 31       2   1
   419 169 30       2   1
   418 168 30       2   1
   418 167 30       2   1
   417 166 29       2   1

#Segment 3 (Axon 1)
#count= 163
   308 374 105       3   1
   309 374 104       3   1
   310 374 103       3   1
   311 375 103       3   1
   312 375 103       3   1
   313 376 103       3   1
   314 377 103       3   1
   315 378 103       3   1
   316 379 102       3   1
   317 380 102       3   1
   317 381 102       3   1
   318 382 101       3   1
   319 383 100       3   1
   320 383 99       3   1
   321 383 98       3   1
   321 383 97       3   1
   321 382 96       3   1
   322 382 95       3   1
   322 382 94       3   1
   322 381 93       3   1
   323 380 92       3   1
   323 380 91       3   1
   323 379 90       3   1
   324 379 90       3   1
   325 378 89       3   1
   326 377 88       3   1
   327 377 88       3   1
   328 377 87       3   1
   329 377 86       3   1
   330 377 85       3   1
   331 377 85       3   1
   332 377 84       3   1
   333 376 83       3   1
   334 377 83       3   1
   335 377 82       3   1
   336 377 81       3   1
   337 377 81       3   1
   338 377 80       3   1
   339 377 79       3   1
   339 377 78       3   1
   340 377 77       3   1
   340 377 76       3   1
   341 377 75       3   1
   341 376 74       3   1
   342 376 73       3   1
   342 376 72       3   1
   342 375 71       3   1
   342 374 70       3   1
   342 373 70       3   1
   342 372 69       3   1
   341 371 68       3   1
   341 371 67       3   1
   340 370 66       3   1
   340 370 65       3   1
   340 370 64       3   1
   339 369 63       3   1
   339 368 62       3   1
   339 368 61       3   1
   339 367 60       3   1
   339 367 59       3   1
   339 367 58       3   1
   339 367 57       3   1
   339 366 56       3   1
   339 366 55       3   1
   339 365 54       3   1
   340 365 53       3   1
   340 365 52       3   1
   340 364 51       3   1
   341 363 50       3   1
   342 363 49       3   1
   342 362 48       3   1
   343 361 47       3   1
   344 361 46       3   1
   344 360 45       3   1
   345 359 44       3   1
   346 359 43       3   1
   346 358 42       3   1
   347 358 42       3   1
   348 357 41       3   1
   349 356 41       3   1
   349 355 40       3   1
   350 356 40       3   1
   351 356 39       3   1
   352 356 38       3   1
   352 356 37       3   1
   353 357 36       3   1
   354 357 35       3   1
   355 357 34       3   1
   355 357 33       3   1
   356 358 33       3   1
   357 358 32       3   1
   358 358 31       3   1
   358 358 30       3   1
   359 358 30       3   1
   360 358 30       3   1
   361 357 29       3   1
   362 357 29       3   1
   363 357 29       3   1
   364 357 28       3   1
   363 357 29       3   1
   362 357 30       3   1
   361 356 30       3   1
   361 356 30       3   1
   362 357 30       3   1
   363 357 29       3   1
   364 358 28       3   1
   365 358 28       3   1
   366 358 28       3   1
   367 357 27       3   1
   368 357 27       3   1
   369 357 27       3   1
   370 357 26       3   1
   371 357 26       3   1
   372 356 26       3   1
   373 355 25       3   1
   374 355 25       3   1
   375 355 24       3   1
   376 354 23       3   1
   377 354 23       3   1
   378 353 23       3   1
   379 352 23       3   1
   380 352 23       3   1
   381 352 23       3   1
   382 351 22       3   1
   383 351 22       3   1
   384 351 22       3   1
   385 351 22       3   1
   386 352 22       3   1
   387 352 21       3   1
   388 352 20       3   1
   389 352 20       3   1
   390 351 20       3   1
   391 350 20       3   1
   392 350 20       3   1
   393 350 19       3   1
   394 349 18       3   1
   395 349 18       3   1
   396 349 17       3   1
   397 348 16       3   1
   398 349 16       3   1
   399 349 16       3   1
   400 349 15       3   1
   401 349 15       3   1
   402 349 15       3   1
   403 349 14       3   1
   404 349 14       3   1
   405 349 14       3   1
   406 349 13       3   1
   407 349 13       3   1
   408 349 13       3   1
   409 348 13       3   1
   410 348 13       3   1
   411 348 13       3   1
   412 348 13       3   1
   413 348 14       3   1
   414 348 14       3   1
   415 348 15       3   1
   416 348 15       3   1
   417 348 15       3   1
   418 348 14       3   1
   419 348 14       3   1
   420 347 14       3   1
   421 346 14       3   1

#Segment 4 (Axon 1)
#count= 18
   257 368 152       4   1
   256 367 151       4   1
   255 367 151       4   1
   254 366 150       4   1
   253 365 149       4   1
   253 364 149       4   1
   252 363 148       4   1
   252 362 147       4   1
   252 361 147       4   1
   251 360 146       4   1
   251 359 145       4   1
   251 358 145       4   1
   250 357 144       4   1
   250 356 144       4   1
   250 355 144       4   1
   250 354 143       4   1
   251 353 142       4   1
   251 352 142       4   1

#Segment 5 (Axon 1)
#count= 222
   251 352 142       5   1
   252 352 143       5   1
   252 352 144       5   1
   252 353 145       5   1
   252 354 145       5   1
   251 355 146       5   1
   251 356 146       5   1
   251 357 146       5   1
   250 358 146       5   1
   249 359 145       5   1
   249 360 144       5   1
   248 360 143       5   1
   248 361 143       5   1
   247 362 142       5   1
   246 363 141       5   1
   246 364 141       5   1
   245 365 141       5   1
   244 366 140       5   1
   244 367 139       5   1
   244 368 138       5   1
   244 369 137       5   1
   244 370 136       5   1
   244 371 136       5   1
   243 372 135       5   1
   242 373 134       5   1
   242 374 134       5   1
   242 375 133       5   1
   241 376 132       5   1
   241 377 132       5   1
   241 378 131       5   1
   240 379 130       5   1
   240 380 130       5   1
   240 381 129       5   1
   239 382 128       5   1
   239 383 128       5   1
   239 384 127       5   1
   238 385 126       5   1
   238 386 126       5   1
   237 387 125       5   1
   236 388 124       5   1
   236 389 123       5   1
   235 389 122       5   1
   235 390 121       5   1
   234 390 120       5   1
   233 391 119       5   1
   232 391 119       5   1
   231 391 118       5   1
   230 391 117       5   1
   229 391 117       5   1
   228 391 116       5   1
   227 392 115       5   1
   226 392 115       5   1
   225 392 114       5   1
   224 392 114       5   1
   223 392 114       5   1
   222 392 113       5   1
   221 392 113       5   1
   220 392 113       5   1
   219 392 112       5   1
   218 392 112       5   1
   217 392 112       5   1
   216 392 112       5   1
   215 392 112       5   1
   214 392 112       5   1
   213 391 111       5   1
   212 391 110       5   1
   211 391 110       5   1
   210 391 109       5   1
   209 391 108       5   1
   208 391 108       5   1
   207 391 107       5   1
   206 391 106       5   1
   205 391 106       5   1
   204 391 105       5   1
   203 391 105       5   1
   202 391 105       5   1
   201 391 105       5   1
   200 392 105       5   1
   199 392 105       5   1
   198 392 105       5   1
   197 393 104       5   1
   196 393 104       5   1
   195 393 103       5   1
   194 394 102       5   1
   194 394 101       5   1
   193 394 100       5   1
   192 394 99       5   1
   191 394 99       5   1
   190 394 98       5   1
   189 395 97       5   1
   188 396 97       5   1
   187 396 96       5   1
   186 397 95       5   1
   185 397 94       5   1
   184 397 93       5   1
   183 398 92       5   1
   182 398 91       5   1
   181 398 90       5   1
   180 399 89       5   1
   180 400 88       5   1
   179 400 87       5   1
   178 401 86       5   1
   178 402 85       5   1
   177 402 84       5   1
   177 403 83       5   1
   176 403 82       5   1
   176 404 81       5   1
   175 404 80       5   1
   174 405 79       5   1
   173 405 79       5   1
   172 405 78       5   1
   171 406 77       5   1
   170 406 76       5   1
   169 406 75       5   1
   168 407 74       5   1
   167 408 73       5   1
   166 408 72       5   1
   165 409 72       5   1
   164 409 71       5   1
   163 409 71       5   1
   162 409 70       5   1
   162 410 70       5   1
   161 411 69       5   1
   160 412 68       5   1
   159 412 67       5   1
   159 413 67       5   1
   158 414 66       5   1
   157 415 66       5   1
   156 415 65       5   1
   156 416 65       5   1
   155 417 64       5   1
   154 418 64       5   1
   153 419 63       5   1
   153 420 63       5   1
   152 421 62       5   1
   151 422 62       5   1
   150 422 61       5   1
   149 423 60       5   1
   148 424 60       5   1
   147 424 59       5   1
   146 425 59       5   1
   145 425 59       5   1
   144 425 58       5   1
   143 425 58       5   1
   142 425 58       5   1
   141 425 57       5   1
   140 425 57       5   1
   139 425 57       5   1
   138 425 56       5   1
   137 425 57       5   1
   136 425 57       5   1
   135 425 57       5   1
   134 425 57       5   1
   133 425 57       5   1
   132 425 56       5   1
   131 425 56       5   1
   130 425 56       5   1
   129 425 55       5   1
   128 426 55       5   1
   127 426 55       5   1
   126 426 54       5   1
   125 426 54       5   1
   124 426 54       5   1
   123 425 54       5   1
   122 425 54       5   1
   121 425 54       5   1
   120 425 53       5   1
   119 425 53       5   1
   118 425 53       5   1
   117 424 52       5   1
   116 424 52       5   1
   115 424 52       5   1
   114 424 51       5   1
   113 425 51       5   1
   112 425 51       5   1
   111 425 50       5   1
   110 426 50       5   1
   109 427 50       5   1
   108 427 49       5   1
   107 428 49       5   1
   106 428 49       5   1
   105 428 48       5   1
   104 429 48       5   1
   103 429 48       5   1
   102 429 47       5   1
   101 429 47       5   1
   100 429 47       5   1
   99 429 47       5   1
   98 430 46       5   1
   97 430 46       5   1
   96 430 45       5   1
   95 431 45       5   1
   94 431 45       5   1
   93 431 44       5   1
   92 432 43       5   1
   91 432 43       5   1
   90 432 42       5   1
   89 433 42       5   1
   88 434 42       5   1
   87 434 41       5   1
   86 435 40       5   1
   85 435 40       5   1
   84 435 39       5   1
   83 436 38       5   1
   82 436 38       5   1
   81 436 37       5   1
   80 437 36       5   1
   79 438 36       5   1
   78 438 35       5   1
   77 439 35       5   1
   76 439 35       5   1
   75 439 34       5   1
   75 440 34       5   1
   74 441 33       5   1
   73 442 33       5   1
   72 442 32       5   1
   71 443 31       5   1
   70 444 31       5   1
   69 444 30       5   1
   68 445 30       5   1
   67 445 29       5   1
   66 446 29       5   1

#Segment 6 (Axon 1)
#count= 24
   66 446 29       6   1
   67 447 29       6   1
   67 448 29       6   1
   66 449 28       6   1
   65 450 27       6   1
   64 450 26       6   1
   64 451 27       6   1
   63 452 27       6   1
   62 453 27       6   1
   62 454 27       6   1
   62 455 26       6   1
   61 456 25       6   1
   61 457 24       6   1
   60 458 23       6   1
   60 459 23       6   1
   60 460 22       6   1
   59 461 21       6   1
   59 462 21       6   1
   58 463 21       6   1
   57 464 21       6   1
   56 464 20       6   1
   55 465 19       6   1
   54 465 18       6   1
   53 465 17       6   1

#Segment 7 (Axon 1)
#count= 41
   66 446 29       7   1
   65 446 28       7   1
   65 447 28       7   1
   64 448 27       7   1
   63 449 26       7   1
   63 450 26       7   1
   62 451 26       7   1
   61 452 25       7   1
   61 453 25       7   1
   61 454 24       7   1
   61 455 23       7   1
   60 456 22       7   1
   60 457 22       7   1
   59 458 21       7   1
   58 459 20       7   1
   57 459 19       7   1
   57 460 19       7   1
   56 461 18       7   1
   55 462 17       7   1
   54 463 16       7   1
   53 464 15       7   1
   52 465 15       7   1
   51 465 14       7   1
   50 466 14       7   1
   49 466 14       7   1
   48 466 13       7   1
   47 467 12       7   1
   46 467 12       7   1
   45 467 11       7   1
   44 468 11       7   1
   43 468 11       7   1
   42 468 11       7   1
   41 468 11       7   1
   40 468 11       7   1
   39 467 11       7   1
   38 467 11       7   1
   37 467 11       7   1
   36 467 10       7   1
   35 467 10       7   1
   34 467 10       7   1
   33 467 10       7   1

#Segment 8 (Axon 1)
#count= 224
   251 352 142       8   1
   251 353 143       8   1
   251 354 143       8   1
   250 355 144       8   1
   250 356 145       8   1
   249 357 145       8   1
   248 357 145       8   1
   247 356 144       8   1
   246 355 143       8   1
   245 354 142       8   1
   244 354 142       8   1
   243 353 141       8   1
   242 353 141       8   1
   241 352 140       8   1
   240 351 140       8   1
   239 351 140       8   1
   238 350 140       8   1
   237 349 140       8   1
   236 349 140       8   1
   235 348 139       8   1
   234 347 140       8   1
   233 346 140       8   1
   232 345 140       8   1
   231 344 140       8   1
   230 344 140       8   1
   229 343 139       8   1
   228 342 139       8   1
   227 341 139       8   1
   226 340 138       8   1
   225 339 139       8   1
   224 338 139       8   1
   223 337 139       8   1
   223 336 139       8   1
   223 335 139       8   1
   223 334 139       8   1
   222 333 139       8   1
   221 332 139       8   1
   221 331 139       8   1
   220 330 138       8   1
   219 329 138       8   1
   219 328 138       8   1
   218 327 138       8   1
   217 326 139       8   1
   216 325 139       8   1
   215 324 139       8   1
   214 323 139       8   1
   213 322 139       8   1
   212 321 138       8   1
   211 320 137       8   1
   211 319 137       8   1
   210 318 136       8   1
   209 317 136       8   1
   209 316 136       8   1
   208 315 135       8   1
   207 314 135       8   1
   207 313 135       8   1
   206 312 134       8   1
   205 311 134       8   1
   205 310 134       8   1
   204 309 133       8   1
   203 308 133       8   1
   203 307 133       8   1
   202 306 132       8   1
   202 305 133       8   1
   202 304 133       8   1
   201 303 133       8   1
   200 302 133       8   1
   200 301 133       8   1
   199 300 133       8   1
   198 299 133       8   1
   198 298 133       8   1
   197 297 133       8   1
   196 296 133       8   1
   196 295 133       8   1
   195 294 133       8   1
   195 293 134       8   1
   195 292 134       8   1
   194 291 134       8   1
   194 290 134       8   1
   194 289 134       8   1
   193 288 133       8   1
   193 287 134       8   1
   193 286 135       8   1
   192 285 135       8   1
   192 284 136       8   1
   192 283 136       8   1
   191 282 136       8   1
   191 281 137       8   1
   191 280 137       8   1
   190 279 137       8   1
   190 278 138       8   1
   190 277 138       8   1
   189 276 138       8   1
   188 275 138       8   1
   188 274 138       8   1
   187 273 137       8   1
   186 272 137       8   1
   186 271 137       8   1
   185 270 137       8   1
   184 269 137       8   1
   184 268 137       8   1
   183 267 137       8   1
   182 266 138       8   1
   182 265 138       8   1
   181 264 138       8   1
   181 264 139       8   1
   180 263 140       8   1
   180 262 141       8   1
   179 261 141       8   1
   178 260 142       8   1
   178 259 142       8   1
   177 258 142       8   1
   176 257 143       8   1
   176 256 143       8   1
   175 255 143       8   1
   174 254 144       8   1
   174 253 144       8   1
   173 252 144       8   1
   173 251 144       8   1
   173 250 144       8   1
   172 249 144       8   1
   171 248 144       8   1
   171 247 144       8   1
   170 246 143       8   1
   169 245 144       8   1
   169 244 144       8   1
   168 243 144       8   1
   167 242 144       8   1
   167 241 144       8   1
   166 240 143       8   1
   165 239 143       8   1
   165 238 143       8   1
   164 237 143       8   1
   163 236 143       8   1
   163 235 143       8   1
   162 234 143       8   1
   161 233 143       8   1
   161 232 143       8   1
   160 231 142       8   1
   159 230 142       8   1
   159 229 142       8   1
   158 228 142       8   1
   157 227 142       8   1
   156 226 142       8   1
   155 225 142       8   1
   155 224 142       8   1
   155 223 142       8   1
   155 222 142       8   1
   155 221 141       8   1
   155 220 142       8   1
   155 219 142       8   1
   154 218 142       8   1
   154 217 142       8   1
   154 216 142       8   1
   153 215 142       8   1
   152 214 142       8   1
   152 213 142       8   1
   151 212 142       8   1
   150 211 142       8   1
   150 210 142       8   1
   149 209 142       8   1
   148 208 142       8   1
   148 207 142       8   1
   147 206 142       8   1
   146 205 142       8   1
   146 204 142       8   1
   145 203 141       8   1
   145 202 141       8   1
   145 201 141       8   1
   145 200 141       8   1
   145 199 140       8   1
   144 198 140       8   1
   143 197 140       8   1
   142 196 140       8   1
   143 195 140       8   1
   144 194 140       8   1
   144 193 140       8   1
   144 192 139       8   1
   144 191 139       8   1
   144 190 138       8   1
   144 189 139       8   1
   144 188 139       8   1
   143 187 139       8   1
   143 186 140       8   1
   143 185 140       8   1
   143 184 140       8   1
   143 183 140       8   1
   143 182 140       8   1
   142 181 140       8   1
   141 180 139       8   1
   141 179 139       8   1
   140 178 138       8   1
   140 177 139       8   1
   140 176 139       8   1
   140 175 139       8   1
   140 174 139       8   1
   140 173 139       8   1
   140 172 138       8   1
   140 171 138       8   1
   140 170 138       8   1
   140 169 137       8   1
   140 168 137       8   1
   140 167 137       8   1
   140 166 136       8   1
   141 165 135       8   1
   141 164 135       8   1
   141 163 134       8   1
   141 162 134       8   1
   141 161 134       8   1
   141 160 133       8   1
   141 159 134       8   1
   141 158 134       8   1
   141 157 134       8   1
   141 156 134       8   1
   141 155 134       8   1
   140 154 134       8   1
   140 153 135       8   1
   140 152 135       8   1
   139 151 135       8   1
   139 150 135       8   1
   139 149 135       8   1
   139 148 134       8   1
   139 147 134       8   1
   139 146 134       8   1

#Segment 9 (Axon 1)
#count= 17
   139 146 134       9   1
   138 146 133       9   1
   138 147 133       9   1
   138 148 132       9   1
   137 149 131       9   1
   138 150 131       9   1
   138 151 131       9   1
   139 152 131       9   1
   140 153 132       9   1
   140 154 132       9   1
   141 155 133       9   1
   142 156 134       9   1
   142 157 134       9   1
   143 158 134       9   1
   143 159 135       9   1
   143 160 135       9   1
   143 161 136       9   1

#Segment 10 (Axon 1)
#count= 38
   139 146 134       10   1
   138 145 134       10   1
   138 144 134       10   1
   138 143 134       10   1
   137 142 133       10   1
   136 141 133       10   1
   136 140 133       10   1
   135 139 133       10   1
   135 138 133       10   1
   135 137 133       10   1
   135 136 133       10   1
   135 135 132       10   1
   134 134 132       10   1
   134 133 132       10   1
   133 132 131       10   1
   132 131 131       10   1
   132 130 131       10   1
   131 129 130       10   1
   131 128 130       10   1
   131 127 130       10   1
   130 126 129       10   1
   130 125 129       10   1
   130 124 129       10   1
   129 123 129       10   1
   129 122 129       10   1
   129 121 129       10   1
   129 120 129       10   1
   128 119 128       10   1
   128 118 128       10   1
   127 117 127       10   1
   127 116 127       10   1
   127 115 127       10   1
   126 114 126       10   1
   125 113 125       10   1
   125 112 125       10   1
   124 111 124       10   1
   123 110 123       10   1
   123 109 123       10   1

#Segment 11 (Axon 1)
#count= 21
   123 109 123       11   1
   124 109 123       11   1
   124 108 123       11   1
   124 107 123       11   1
   123 106 123       11   1
   123 105 124       11   1
   123 104 124       11   1
   122 103 124       11   1
   122 102 125       11   1
   122 101 125       11   1
   121 100 125       11   1
   121 99 125       11   1
   121 98 125       11   1
   120 97 124       11   1
   120 96 124       11   1
   120 95 123       11   1
   120 94 123       11   1
   119 93 122       11   1
   118 92 121       11   1
   117 91 120       11   1
   116 90 119       11   1

#Segment 12 (Axon 1)
#count= 111
   123 109 123       12   1
   122 108 122       12   1
   122 107 122       12   1
   122 106 122       12   1
   121 105 121       12   1
   120 104 121       12   1
   120 103 121       12   1
   119 102 120       12   1
   118 101 120       12   1
   118 100 120       12   1
   117 99 119       12   1
   117 98 119       12   1
   117 97 119       12   1
   116 96 118       12   1
   116 95 118       12   1
   116 94 118       12   1
   115 93 117       12   1
   114 92 117       12   1
   114 91 117       12   1
   113 90 116       12   1
   113 89 116       12   1
   113 88 115       12   1
   113 87 115       12   1
   113 86 114       12   1
   112 85 114       12   1
   111 84 114       12   1
   110 83 114       12   1
   109 82 114       12   1
   108 81 114       12   1
   107 80 114       12   1
   106 79 113       12   1
   106 78 113       12   1
   105 77 112       12   1
   105 76 112       12   1
   105 75 111       12   1
   105 74 111       12   1
   104 73 110       12   1
   103 72 110       12   1
   102 72 110       12   1
   101 71 110       12   1
   100 70 110       12   1
   99 69 110       12   1
   98 68 109       12   1
   97 67 109       12   1
   96 66 109       12   1
   95 65 109       12   1
   94 64 109       12   1
   93 64 109       12   1
   92 63 109       12   1
   91 62 109       12   1
   90 62 109       12   1
   89 61 108       12   1
   88 60 108       12   1
   87 60 108       12   1
   86 59 107       12   1
   85 59 107       12   1
   84 59 107       12   1
   83 58 106       12   1
   82 57 106       12   1
   81 57 106       12   1
   80 56 105       12   1
   79 55 105       12   1
   78 55 105       12   1
   77 54 104       12   1
   76 54 104       12   1
   75 54 104       12   1
   74 53 104       12   1
   73 52 104       12   1
   72 52 104       12   1
   71 51 104       12   1
   70 50 104       12   1
   69 50 104       12   1
   68 49 103       12   1
   67 49 103       12   1
   66 49 103       12   1
   65 48 102       12   1
   64 48 102       12   1
   63 48 102       12   1
   62 47 101       12   1
   61 47 101       12   1
   60 47 101       12   1
   59 46 100       12   1
   58 46 99       12   1
   57 46 99       12   1
   56 46 98       12   1
   55 46 97       12   1
   55 46 96       12   1
   54 45 95       12   1
   53 45 94       12   1
   53 45 93       12   1
   52 45 92       12   1
   51 45 91       12   1
   51 45 90       12   1
   50 44 89       12   1
   49 44 88       12   1
   48 44 87       12   1
   47 44 86       12   1
   46 44 85       12   1
   45 43 84       12   1
   44 42 84       12   1
   43 41 84       12   1
   42 40 83       12   1
   41 40 82       12   1
   40 40 82       12   1
   39 39 81       12   1
   38 38 81       12   1
   37 38 81       12   1
   36 37 80       12   1
   35 38 80       12   1
   34 38 80       12   1
   33 38 80       12   1

#Segment 13 (Axon 1)
#count= 24
   251 352 142       13   1
   251 351 141       13   1
   252 350 140       13   1
   252 349 140       13   1
   252 348 139       13   1
   253 347 138       13   1
   253 346 138       13   1
   253 345 137       13   1
   254 344 136       13   1
   254 343 136       13   1
   254 342 135       13   1
   255 341 134       13   1
   255 340 134       13   1
   255 339 133       13   1
   255 338 133       13   1
   255 337 133       13   1
   255 336 132       13   1
   255 335 131       13   1
   255 335 130       13   1
   255 334 129       13   1
   255 334 128       13   1
   255 334 127       13   1
   255 334 126       13   1
   255 333 125       13   1

#Segment 14 (Axon 1)
#count= 78
   255 333 125       14   1
   256 332 126       14   1
   257 331 126       14   1
   257 330 126       14   1
   258 329 126       14   1
   258 328 126       14   1
   258 327 125       14   1
   259 327 126       14   1
   260 326 126       14   1
   261 325 126       14   1
   261 324 126       14   1
   262 323 127       14   1
   263 322 127       14   1
   263 321 127       14   1
   264 320 127       14   1
   265 319 127       14   1
   265 318 126       14   1
   266 317 126       14   1
   266 316 126       14   1
   266 315 125       14   1
   267 314 125       14   1
   267 313 125       14   1
   267 312 124       14   1
   268 311 125       14   1
   269 310 125       14   1
   269 309 125       14   1
   270 308 125       14   1
   270 307 125       14   1
   270 306 125       14   1
   270 305 125       14   1
   270 304 125       14   1
   270 303 125       14   1
   271 302 125       14   1
   271 301 125       14   1
   271 300 124       14   1
   272 299 124       14   1
   272 298 124       14   1
   272 297 124       14   1
   273 296 124       14   1
   273 295 124       14   1
   273 294 124       14   1
   274 293 124       14   1
   274 292 124       14   1
   274 291 123       14   1
   274 290 123       14   1
   274 289 123       14   1
   273 288 122       14   1
   273 287 122       14   1
   273 286 122       14   1
   273 285 121       14   1
   274 284 122       14   1
   274 283 123       14   1
   274 282 123       14   1
   275 281 123       14   1
   275 280 123       14   1
   275 279 122       14   1
   276 278 121       14   1
   276 277 121       14   1
   276 276 120       14   1
   276 275 120       14   1
   276 274 120       14   1
   276 273 119       14   1
   277 272 120       14   1
   278 271 120       14   1
   278 270 120       14   1
   279 269 120       14   1
   280 268 120       14   1
   280 267 119       14   1
   280 266 120       14   1
   280 265 120       14   1
   280 264 120       14   1
   279 263 120       14   1
   279 262 119       14   1
   279 261 118       14   1
   278 260 117       14   1
   278 259 116       14   1
   278 258 116       14   1
   277 257 115       14   1

#Segment 15 (Axon 1)
#count= 106
   277 257 115       15   1
   278 258 114       15   1
   278 259 113       15   1
   278 259 112       15   1
   278 259 113       15   1
   278 259 114       15   1
   278 258 115       15   1
   279 259 116       15   1
   279 259 117       15   1
   279 259 118       15   1
   280 259 119       15   1
   280 258 120       15   1
   281 257 121       15   1
   281 257 122       15   1
   281 256 123       15   1
   281 255 124       15   1
   281 254 124       15   1
   282 254 125       15   1
   283 253 125       15   1
   284 252 125       15   1
   285 251 126       15   1
   285 250 126       15   1
   285 249 126       15   1
   285 248 126       15   1
   285 247 126       15   1
   285 246 126       15   1
   285 245 127       15   1
   285 244 127       15   1
   284 243 127       15   1
   285 242 127       15   1
   285 241 127       15   1
   285 240 127       15   1
   286 239 127       15   1
   286 238 127       15   1
   286 237 126       15   1
   286 236 126       15   1
   286 235 126       15   1
   286 234 126       15   1
   287 233 126       15   1
   287 232 126       15   1
   287 231 125       15   1
   288 230 125       15   1
   288 229 125       15   1
   288 228 124       15   1
   288 227 124       15   1
   288 226 124       15   1
   288 225 124       15   1
   289 224 125       15   1
   289 223 126       15   1
   289 222 126       15   1
   290 221 126       15   1
   290 220 126       15   1
   290 219 126       15   1
   291 218 127       15   1
   292 217 127       15   1
   292 216 127       15   1
   293 215 128       15   1
   294 214 128       15   1
   294 213 128       15   1
   295 212 129       15   1
   296 211 129       15   1
   296 210 129       15   1
   296 209 130       15   1
   296 208 130       15   1
   296 207 130       15   1
   297 206 130       15   1
   298 205 130       15   1
   298 204 130       15   1
   299 203 131       15   1
   299 202 131       15   1
   299 201 131       15   1
   300 200 131       15   1
   301 199 131       15   1
   301 198 131       15   1
   302 197 132       15   1
   303 196 132       15   1
   303 195 132       15   1
   304 194 133       15   1
   305 193 134       15   1
   305 192 134       15   1
   306 191 135       15   1
   307 190 135       15   1
   307 189 135       15   1
   308 189 136       15   1
   308 188 137       15   1
   309 187 138       15   1
   309 186 138       15   1
   310 185 139       15   1
   311 184 139       15   1
   311 183 139       15   1
   312 182 139       15   1
   313 181 139       15   1
   313 180 138       15   1
   314 179 139       15   1
   315 178 139       15   1
   315 177 139       15   1
   316 176 140       15   1
   317 175 140       15   1
   317 174 140       15   1
   318 173 139       15   1
   319 172 139       15   1
   319 171 138       15   1
   320 170 138       15   1
   321 169 138       15   1
   321 168 138       15   1
   321 167 138       15   1

#Segment 16 (Axon 1)
#count= 50
   321 167 138       16   1
   321 166 138       16   1
   322 165 138       16   1
   323 164 138       16   1
   323 163 137       16   1
   324 162 137       16   1
   325 161 137       16   1
   325 160 137       16   1
   326 159 137       16   1
   327 158 137       16   1
   327 157 137       16   1
   328 156 137       16   1
   329 155 137       16   1
   329 154 137       16   1
   330 153 136       16   1
   330 152 136       16   1
   330 151 135       16   1
   331 150 135       16   1
   331 149 135       16   1
   331 148 135       16   1
   332 147 135       16   1
   333 146 135       16   1
   333 145 135       16   1
   334 144 136       16   1
   335 143 136       16   1
   335 142 136       16   1
   336 141 136       16   1
   337 140 136       16   1
   337 139 135       16   1
   338 138 136       16   1
   338 137 136       16   1
   338 136 136       16   1
   338 135 135       16   1
   338 134 135       16   1
   338 133 134       16   1
   339 132 135       16   1
   340 131 135       16   1
   340 130 135       16   1
   341 129 135       16   1
   342 128 135       16   1
   342 127 135       16   1
   343 126 135       16   1
   344 125 135       16   1
   344 124 135       16   1
   345 123 135       16   1
   346 122 135       16   1
   346 121 135       16   1
   347 120 135       16   1
   348 119 135       16   1
   348 118 134       16   1

#Segment 17 (Axon 1)
#count= 6
   321 167 138       17   1
   320 168 138       17   1
   319 169 138       17   1
   319 170 139       17   1
   318 171 139       17   1
   317 172 140       17   1

#Segment 18 (Axon 1)
#count= 222
   277 257 115       18   1
   277 256 115       18   1
   277 255 115       18   1
   277 254 115       18   1
   277 253 116       18   1
   277 252 116       18   1
   277 251 116       18   1
   277 250 115       18   1
   277 249 114       18   1
   277 248 113       18   1
   278 247 112       18   1
   279 246 112       18   1
   279 245 111       18   1
   280 244 111       18   1
   280 243 111       18   1
   280 242 110       18   1
   280 241 110       18   1
   280 240 110       18   1
   280 239 109       18   1
   280 238 109       18   1
   280 237 109       18   1
   280 236 109       18   1
   280 235 109       18   1
   280 234 109       18   1
   280 233 109       18   1
   280 232 109       18   1
   280 231 109       18   1
   280 230 109       18   1
   280 229 109       18   1
   280 228 109       18   1
   280 227 108       18   1
   280 226 107       18   1
   280 225 107       18   1
   280 224 106       18   1
   281 223 106       18   1
   282 222 106       18   1
   282 221 106       18   1
   282 220 106       18   1
   282 219 106       18   1
   282 218 105       18   1
   282 217 105       18   1
   282 216 105       18   1
   282 215 105       18   1
   282 214 105       18   1
   282 213 105       18   1
   282 212 104       18   1
   283 211 104       18   1
   283 210 104       18   1
   283 209 103       18   1
   283 208 103       18   1
   283 207 103       18   1
   282 206 103       18   1
   282 205 103       18   1
   282 204 103       18   1
   282 203 103       18   1
   283 202 103       18   1
   283 201 103       18   1
   283 200 102       18   1
   283 199 102       18   1
   283 198 102       18   1
   283 197 101       18   1
   283 196 101       18   1
   283 195 101       18   1
   283 194 101       18   1
   283 193 101       18   1
   283 192 101       18   1
   283 191 100       18   1
   283 190 100       18   1
   283 189 100       18   1
   283 188 99       18   1
   284 187 99       18   1
   285 186 99       18   1
   285 185 98       18   1
   286 184 98       18   1
   286 183 98       18   1
   286 182 97       18   1
   287 181 96       18   1
   287 180 96       18   1
   287 179 95       18   1
   287 178 95       18   1
   287 177 95       18   1
   287 176 94       18   1
   287 175 94       18   1
   287 174 94       18   1
   287 173 94       18   1
   288 172 94       18   1
   288 171 94       18   1
   288 170 94       18   1
   289 169 94       18   1
   289 168 94       18   1
   289 167 93       18   1
   289 166 93       18   1
   289 165 93       18   1
   289 164 92       18   1
   290 163 92       18   1
   290 162 92       18   1
   290 161 91       18   1
   291 160 91       18   1
   291 159 91       18   1
   291 158 90       18   1
   292 157 90       18   1
   292 156 90       18   1
   292 155 89       18   1
   293 154 89       18   1
   294 153 89       18   1
   294 152 89       18   1
   295 151 90       18   1
   296 150 90       18   1
   296 149 90       18   1
   297 148 90       18   1
   298 147 90       18   1
   298 146 89       18   1
   299 145 88       18   1
   299 144 88       18   1
   299 143 87       18   1
   300 142 87       18   1
   300 141 87       18   1
   300 140 87       18   1
   301 139 87       18   1
   301 138 87       18   1
   301 137 86       18   1
   302 136 86       18   1
   303 135 86       18   1
   303 134 85       18   1
   304 133 86       18   1
   304 132 86       18   1
   304 131 86       18   1
   304 130 86       18   1
   305 129 87       18   1
   306 128 87       18   1
   306 127 87       18   1
   307 126 87       18   1
   307 125 87       18   1
   307 124 86       18   1
   308 123 86       18   1
   308 122 86       18   1
   308 121 85       18   1
   308 120 85       18   1
   308 119 85       18   1
   308 118 84       18   1
   309 117 84       18   1
   310 116 84       18   1
   310 115 83       18   1
   311 114 83       18   1
   312 113 83       18   1
   312 112 82       18   1
   313 111 82       18   1
   313 110 82       18   1
   313 109 81       18   1
   314 108 80       18   1
   314 107 80       18   1
   314 106 79       18   1
   314 105 80       18   1
   314 104 81       18   1
   314 103 81       18   1
   314 102 81       18   1
   314 101 81       18   1
   314 100 80       18   1
   315 99 79       18   1
   315 98 79       18   1
   315 97 78       18   1
   316 96 79       18   1
   316 95 80       18   1
   316 94 80       18   1
   317 93 79       18   1
   317 92 79       18   1
   317 91 78       18   1
   317 90 78       18   1
   317 89 78       18   1
   317 88 78       18   1
   318 87 77       18   1
   318 86 77       18   1
   318 85 76       18   1
   319 84 76       18   1
   319 83 76       18   1
   319 82 76       18   1
   320 81 77       18   1
   320 80 77       18   1
   320 79 77       18   1
   321 78 78       18   1
   321 77 78       18   1
   321 76 78       18   1
   321 75 78       18   1
   321 74 78       18   1
   321 73 78       18   1
   321 72 78       18   1
   321 71 78       18   1
   320 70 78       18   1
   321 69 77       18   1
   321 68 77       18   1
   321 67 76       18   1
   321 66 76       18   1
   321 65 76       18   1
   320 64 76       18   1
   320 63 77       18   1
   320 62 77       18   1
   320 61 77       18   1
   321 60 77       18   1
   322 59 77       18   1
   322 58 77       18   1
   323 57 76       18   1
   323 56 75       18   1
   323 55 74       18   1
   324 54 74       18   1
   324 53 74       18   1
   324 52 73       18   1
   325 51 73       18   1
   325 50 73       18   1
   325 49 73       18   1
   325 48 73       18   1
   325 47 73       18   1
   324 46 73       18   1
   325 45 73       18   1
   325 44 73       18   1
   325 43 73       18   1
   326 42 73       18   1
   326 41 73       18   1
   326 40 73       18   1
   327 39 74       18   1
   328 38 74       18   1
   328 37 74       18   1
   327 37 75       18   1

#Segment 19 (Axon 1)
#count= 26
   327 37 75       19   1
   327 36 75       19   1
   328 35 74       19   1
   329 34 74       19   1
   329 33 73       19   1
   330 32 73       19   1
   330 31 73       19   1
   330 30 72       19   1
   331 30 72       19   1
   332 29 72       19   1
   333 28 72       19   1
   333 27 71       19   1
   333 26 72       19   1
   333 25 72       19   1
   333 24 71       19   1
   333 23 70       19   1
   332 22 69       19   1
   333 21 69       19   1
   333 20 69       19   1
   333 19 69       19   1
   333 18 69       19   1
   333 17 69       19   1
   332 16 68       19   1
   332 15 68       19   1
   332 14 68       19   1
   331 13 67       19   1

#Segment 20 (Axon 1)
#count= 9
   327 37 75       20   1
   326 38 74       20   1
   325 39 73       20   1
   325 40 73       20   1
   325 41 73       20   1
   325 42 72       20   1
   326 43 73       20   1
   326 44 73       20   1
   326 45 73       20   1

#Segment 21 (Axon 1)
#count= 108
   255 333 125       21   1
   255 334 124       21   1
   255 334 123       21   1
   254 334 122       21   1
   254 334 121       21   1
   254 334 120       21   1
   254 334 119       21   1
   254 334 118       21   1
   254 334 117       21   1
   254 334 116       21   1
   254 334 115       21   1
   254 334 114       21   1
   254 334 113       21   1
   255 334 112       21   1
   255 334 111       21   1
   255 334 110       21   1
   256 335 109       21   1
   256 335 108       21   1
   256 335 107       21   1
   256 336 106       21   1
   256 336 105       21   1
   256 336 104       21   1
   257 337 103       21   1
   257 337 102       21   1
   257 337 101       21   1
   257 338 100       21   1
   257 339 99       21   1
   256 339 98       21   1
   256 340 97       21   1
   256 340 96       21   1
   255 340 95       21   1
   255 341 94       21   1
   255 341 93       21   1
   254 341 92       21   1
   254 342 91       21   1
   254 342 90       21   1
   253 342 89       21   1
   253 342 88       21   1
   253 342 87       21   1
   252 341 86       21   1
   252 341 85       21   1
   252 341 84       21   1
   251 341 83       21   1
   251 341 82       21   1
   251 341 81       21   1
   251 341 80       21   1
   251 341 79       21   1
   251 341 78       21   1
   250 340 77       21   1
   250 340 76       21   1
   250 340 75       21   1
   250 340 74       21   1
   250 340 73       21   1
   250 340 72       21   1
   249 339 71       21   1
   249 339 70       21   1
   249 339 69       21   1
   249 339 68       21   1
   249 339 67       21   1
   249 339 66       21   1
   249 339 65       21   1
   249 339 64       21   1
   249 339 63       21   1
   248 339 62       21   1
   249 340 61       21   1
   249 341 60       21   1
   250 342 59       21   1
   250 343 58       21   1
   250 343 57       21   1
   250 344 56       21   1
   250 345 55       21   1
   250 345 54       21   1
   251 346 53       21   1
   251 347 52       21   1
   251 347 51       21   1
   250 348 50       21   1
   250 349 49       21   1
   249 349 48       21   1
   250 350 47       21   1
   250 351 46       21   1
   250 351 45       21   1
   251 352 44       21   1
   251 353 43       21   1
   251 353 42       21   1
   251 354 41       21   1
   251 355 40       21   1
   250 355 39       21   1
   250 356 38       21   1
   250 357 37       21   1
   249 357 36       21   1
   249 358 35       21   1
   249 358 34       21   1
   249 358 33       21   1
   249 359 33       21   1
   249 360 32       21   1
   249 361 31       21   1
   248 361 30       21   1
   248 362 29       21   1
   247 363 28       21   1
   247 364 27       21   1
   247 365 26       21   1
   247 365 25       21   1
   247 366 24       21   1
   247 366 23       21   1
   246 366 22       21   1
   246 367 21       21   1
   246 367 20       21   1
   246 367 19       21   1


#Segment 22 (Axon 2)
#count= 106
   237 411 168       22   2
   237 412 169       22   2
   237 413 169       22   2
   237 414 169       22   2
   237 415 169       22   2
   236 416 169       22   2
   236 417 169       22   2
   236 418 169       22   2
   236 419 169       22   2
   235 420 169       22   2
   235 421 169       22   2
   235 422 169       22   2
   235 423 169       22   2
   234 424 169       22   2
   234 425 169       22   2
   234 426 169       22   2
   234 427 169       22   2
   233 428 169       22   2
   233 429 169       22   2
   232 430 169       22   2
   231 431 168       22   2
   231 432 168       22   2
   231 433 168       22   2
   231 434 168       22   2
   230 435 168       22   2
   230 436 168       22   2
   230 437 167       22   2
   230 438 167       22   2
   229 439 166       22   2
   229 440 167       22   2
   229 441 167       22   2
   228 442 167       22   2
   228 443 168       22   2
   228 444 168       22   2
   227 445 168       22   2
   227 446 168       22   2
   226 447 168       22   2
   225 448 168       22   2
   225 449 168       22   2
   224 450 168       22   2
   223 451 168       22   2
   222 451 168       22   2
   222 452 168       22   2
   221 453 167       22   2
   220 454 167       22   2
   219 454 166       22   2
   219 455 166       22   2
   218 456 166       22   2
   217 457 165       22   2
   217 458 165       22   2
   216 459 165       22   2
   215 460 165       22   2
   215 461 165       22   2
   214 462 165       22   2
   213 463 165       22   2
   213 464 165       22   2
   212 465 165       22   2
   211 466 165       22   2
   211 467 165       22   2
   210 468 165       22   2
   209 469 165       22   2
   209 470 164       22   2
   208 470 163       22   2
   207 471 162       22   2
   206 471 161       22   2
   206 471 161       22   2
   207 471 162       22   2
   207 471 163       22   2
   208 470 164       22   2
   209 470 165       22   2
   210 470 165       22   2
   211 469 166       22   2
   212 469 167       22   2
   213 468 167       22   2
   214 467 167       22   2
   215 467 168       22   2
   216 466 168       22   2
   217 465 168       22   2
   218 465 168       22   2
   219 465 168       22   2
   220 464 168       22   2
   221 465 169       22   2
   222 465 169       22   2
   223 466 170       22   2
   224 467 171       22   2
   224 467 172       22   2
   223 468 173       22   2
   222 468 173       22   2
   221 468 174       22   2
   220 468 174       22   2
   219 467 173       22   2
   219 466 173       22   2
   218 465 172       22   2
   218 465 171       22   2
   218 464 170       22   2
   218 464 169       22   2
   218 463 168       22   2
   218 462 167       22   2
   218 461 167       22   2
   217 460 166       22   2
   218 459 167       22   2
   219 458 168       22   2
   219 457 168       22   2
   220 456 168       22   2
   221 455 168       22   2
   221 454 167       22   2


#Segment 23 (Axon 3)
#count= 36
   266 376 175       23   3
   267 376 176       23   3
   268 376 176       23   3
   269 376 176       23   3
   270 376 177       23   3
   271 376 177       23   3
   272 376 178       23   3
   273 376 178       23   3
   274 376 179       23   3
   275 375 179       23   3
   276 375 180       23   3
   277 375 180       23   3
   278 375 181       23   3
   279 375 181       23   3
   280 375 182       23   3
   281 375 182       23   3
   282 375 183       23   3
   283 374 183       23   3
   284 374 184       23   3
   285 374 185       23   3
   286 373 186       23   3
   287 373 187       23   3
   288 372 187       23   3
   289 371 187       23   3
   290 371 188       23   3
   291 370 188       23   3
   292 369 189       23   3
   293 369 190       23   3
   294 368 190       23   3
   295 367 190       23   3
   296 366 191       23   3
   297 365 192       23   3
   298 365 193       23   3
   298 365 194       23   3
   299 364 195       23   3
   300 364 196       23   3

#Segment 24 (Axon 3)
#count= 76
   300 364 196       24   3
   301 363 195       24   3
   302 363 196       24   3
   303 362 196       24   3
   304 361 196       24   3
   305 361 196       24   3
   306 361 196       24   3
   307 360 196       24   3
   308 360 196       24   3
   309 359 195       24   3
   310 358 194       24   3
   311 357 193       24   3
   312 356 193       24   3
   312 355 192       24   3
   313 355 192       24   3
   314 354 192       24   3
   315 353 192       24   3
   316 353 193       24   3
   317 353 193       24   3
   318 352 193       24   3
   319 352 194       24   3
   320 351 194       24   3
   321 350 194       24   3
   322 350 194       24   3
   323 349 194       24   3
   324 348 193       24   3
   325 348 194       24   3
   326 348 194       24   3
   327 347 194       24   3
   328 347 194       24   3
   329 347 194       24   3
   330 346 193       24   3
   331 346 193       24   3
   332 346 193       24   3
   333 345 192       24   3
   334 345 193       24   3
   335 345 193       24   3
   336 345 193       24   3
   337 345 193       24   3
   338 345 193       24   3
   339 345 193       24   3
   340 345 193       24   3
   341 345 193       24   3
   342 344 193       24   3
   343 344 193       24   3
   344 344 193       24   3
   345 343 193       24   3
   346 343 193       24   3
   347 343 193       24   3
   348 342 193       24   3
   349 342 193       24   3
   350 341 193       24   3
   351 340 192       24   3
   352 340 193       24   3
   353 339 193       24   3
   354 338 193       24   3
   355 338 194       24   3
   356 338 195       24   3
   357 337 196       24   3
   358 337 196       24   3
   359 336 196       24   3
   360 335 196       24   3
   360 334 196       24   3
   361 333 196       24   3
   362 332 196       24   3
   362 331 196       24   3
   363 330 196       24   3
   364 329 196       24   3
   364 328 195       24   3
   365 328 196       24   3
   366 327 196       24   3
   367 326 197       24   3
   367 325 197       24   3
   368 324 197       24   3
   369 323 197       24   3
   369 322 196       24   3

#Segment 25 (Axon 3)
#count= 80
   300 364 196       25   3
   300 363 197       25   3
   301 362 198       25   3
   302 362 199       25   3
   302 362 200       25   3
   303 361 201       25   3
   304 362 202       25   3
   305 362 203       25   3
   306 362 204       25   3
   307 363 205       25   3
   308 363 205       25   3
   309 363 206       25   3
   310 364 207       25   3
   311 364 207       25   3
   312 364 208       25   3
   313 365 209       25   3
   313 365 210       25   3
   314 366 211       25   3
   315 367 212       25   3
   316 367 213       25   3
   317 367 214       25   3
   318 368 215       25   3
   319 368 216       25   3
   320 369 217       25   3
   321 370 218       25   3
   322 371 218       25   3
   323 372 219       25   3
   324 373 220       25   3
   325 373 220       25   3
   326 374 221       25   3
   327 375 222       25   3
   328 375 222       25   3
   329 375 223       25   3
   330 376 224       25   3
   331 376 224       25   3
   332 376 225       25   3
   333 377 226       25   3
   334 377 227       25   3
   335 377 228       25   3
   336 378 229       25   3
   337 378 230       25   3
   338 378 231       25   3
   339 378 232       25   3
   340 378 232       25   3
   341 378 233       25   3
   342 379 234       25   3
   342 379 235       25   3
   343 379 236       25   3
   344 380 237       25   3
   344 380 238       25   3
   345 380 239       25   3
   346 380 240       25   3
   346 380 241       25   3
   347 380 242       25   3
   348 380 243       25   3
   348 380 244       25   3
   349 380 245       25   3
   350 380 246       25   3
   350 380 247       25   3
   350 380 248       25   3
   351 381 248       25   3
   352 381 247       25   3
   353 381 246       25   3
   353 381 246       25   3
   354 382 247       25   3
   355 382 247       25   3
   356 383 247       25   3
   357 384 247       25   3
   358 384 247       25   3
   359 385 247       25   3
   360 385 247       25   3
   361 385 246       25   3
   362 385 245       25   3
   362 385 244       25   3
   363 386 244       25   3
   364 386 243       25   3
   365 387 242       25   3
   366 387 242       25   3
   367 387 241       25   3
   368 387 240       25   3


#Segment 26 (Axon 4)
#count= 31
   257 410 170       26   4
   258 411 171       26   4
   259 411 171       26   4
   260 412 171       26   4
   261 413 172       26   4
   262 413 172       26   4
   263 414 172       26   4
   264 415 173       26   4
   265 415 173       26   4
   266 416 173       26   4
   267 417 174       26   4
   268 417 174       26   4
   269 418 174       26   4
   270 419 175       26   4
   271 419 175       26   4
   272 420 175       26   4
   273 421 175       26   4
   274 421 175       26   4
   275 421 175       26   4
   276 421 175       26   4
   277 421 175       26   4
   278 421 175       26   4
   279 421 175       26   4
   280 421 174       26   4
   281 421 173       26   4
   282 421 174       26   4
   283 421 174       26   4
   284 421 174       26   4
   285 421 174       26   4
   286 421 174       26   4
   287 420 174       26   4

#Segment 27 (Axon 4)
#count= 91
   287 420 174       27   4
   288 420 174       27   4
   289 421 174       27   4
   290 421 174       27   4
   291 421 173       27   4
   292 422 174       27   4
   293 423 174       27   4
   294 424 175       27   4
   295 425 176       27   4
   296 426 176       27   4
   297 427 176       27   4
   297 428 176       27   4
   298 429 177       27   4
   298 430 177       27   4
   298 431 177       27   4
   298 432 177       27   4
   298 433 177       27   4
   299 434 177       27   4
   300 434 177       27   4
   301 435 176       27   4
   302 436 177       27   4
   303 437 177       27   4
   304 438 177       27   4
   304 439 177       27   4
   305 440 178       27   4
   305 441 178       27   4
   306 442 179       27   4
   307 443 180       27   4
   307 444 180       27   4
   308 445 180       27   4
   308 446 181       27   4
   308 447 182       27   4
   308 448 183       27   4
   308 449 183       27   4
   309 450 184       27   4
   309 451 184       27   4
   310 452 184       27   4
   311 453 185       27   4
   311 454 185       27   4
   312 455 185       27   4
   313 456 185       27   4
   313 457 185       27   4
   314 458 184       27   4
   315 459 185       27   4
   315 460 186       27   4
   316 461 187       27   4
   317 462 188       27   4
   317 463 188       27   4
   318 464 188       27   4
   319 465 189       27   4
   319 465 190       27   4
   320 466 191       27   4
   320 466 192       27   4
   321 467 193       27   4
   321 467 194       27   4
   322 468 195       27   4
   322 468 196       27   4
   323 469 197       27   4
   324 469 198       27   4
   325 469 199       27   4
   325 469 199       27   4
   325 470 198       27   4
   324 470 197       27   4
   324 470 196       27   4
   324 470 195       27   4
   323 470 194       27   4
   323 469 194       27   4
   323 468 194       27   4
   322 467 193       27   4
   321 466 193       27   4
   321 465 193       27   4
   320 464 193       27   4
   319 463 193       27   4
   319 462 193       27   4
   318 461 192       27   4
   318 461 191       27   4
   317 460 190       27   4
   316 460 189       27   4
   315 459 188       27   4
   314 459 187       27   4
   314 459 186       27   4
   313 458 185       27   4
   313 459 184       27   4
   313 459 183       27   4
   312 459 182       27   4
   311 460 181       27   4
   310 461 180       27   4
   309 461 179       27   4
   308 462 178       27   4
   308 463 177       27   4
   307 463 176       27   4

#Segment 28 (Axon 4)
#count= 24
   287 420 174       28   4
   288 419 174       28   4
   289 419 174       28   4
   290 419 174       28   4
   291 419 174       28   4
   292 418 173       28   4
   293 418 173       28   4
   294 417 173       28   4
   295 416 172       28   4
   296 416 172       28   4
   297 415 171       28   4
   298 414 170       28   4
   299 414 170       28   4
   300 413 170       28   4
   301 412 169       28   4
   302 412 169       28   4
   303 411 169       28   4
   304 410 168       28   4
   305 410 168       28   4
   306 409 168       28   4
   307 408 168       28   4
   307 407 167       28   4
   308 407 167       28   4
   309 406 167       28   4

#Segment 29 (Axon 4)
#count= 42
   309 406 167       29   4
   310 406 166       29   4
   310 406 165       29   4
   310 406 164       29   4
   311 407 163       29   4
   312 407 162       29   4
   312 407 161       29   4
   313 407 161       29   4
   314 407 161       29   4
   315 406 160       29   4
   316 407 159       29   4
   317 407 158       29   4
   317 407 157       29   4
   318 408 157       29   4
   319 408 156       29   4
   320 408 155       29   4
   320 408 154       29   4
   321 409 154       29   4
   322 409 153       29   4
   323 410 152       29   4
   323 410 151       29   4
   324 411 151       29   4
   325 411 151       29   4
   326 412 150       29   4
   327 412 150       29   4
   328 412 150       29   4
   329 412 149       29   4
   330 412 149       29   4
   331 412 149       29   4
   332 412 149       29   4
   333 412 149       29   4
   334 412 149       29   4
   335 412 148       29   4
   336 413 148       29   4
   337 413 148       29   4
   338 414 148       29   4
   339 414 149       29   4
   340 414 149       29   4
   341 414 149       29   4
   342 415 150       29   4
   343 415 150       29   4
   344 415 151       29   4

#Segment 30 (Axon 4)
#count= 97
   309 406 167       30   4
   310 405 167       30   4
   310 404 167       30   4
   311 404 167       30   4
   312 403 167       30   4
   313 402 167       30   4
   313 401 167       30   4
   314 400 168       30   4
   314 399 168       30   4
   315 398 168       30   4
   315 397 168       30   4
   316 397 168       30   4
   317 396 168       30   4
   318 395 168       30   4
   319 395 168       30   4
   320 394 168       30   4
   321 393 167       30   4
   322 392 167       30   4
   323 391 167       30   4
   323 390 167       30   4
   324 390 167       30   4
   325 389 167       30   4
   326 388 167       30   4
   327 388 167       30   4
   328 387 167       30   4
   329 386 167       30   4
   330 385 168       30   4
   331 384 168       30   4
   331 383 168       30   4
   332 383 168       30   4
   333 382 167       30   4
   334 381 166       30   4
   335 381 166       30   4
   336 380 166       30   4
   337 379 166       30   4
   338 379 167       30   4
   339 379 167       30   4
   340 379 167       30   4
   341 379 167       30   4
   342 378 167       30   4
   343 377 167       30   4
   344 377 167       30   4
   345 377 167       30   4
   346 377 167       30   4
   347 376 167       30   4
   348 376 167       30   4
   349 375 167       30   4
   350 374 167       30   4
   351 374 168       30   4
   352 374 168       30   4
   353 373 168       30   4
   354 373 169       30   4
   355 373 170       30   4
   356 372 171       30   4
   357 372 172       30   4
   358 372 173       30   4
   359 371 174       30   4
   360 371 175       30   4
   361 371 175       30   4
   362 371 175       30   4
   363 371 175       30   4
   364 371 175       30   4
   365 370 175       30   4
   366 370 176       30   4
   367 370 176       30   4
   368 369 177       30   4
   369 369 177       30   4
   370 369 177       30   4
   371 368 177       30   4
   372 368 177       30   4
   373 368 177       30   4
   374 367 176       30   4
   375 367 177       30   4
   376 366 177       30   4
   377 365 177       30   4
   378 365 178       30   4
   379 365 178       30   4
   380 365 178       30   4
   381 365 179       30   4
   382 365 179       30   4
   383 364 180       30   4
   384 364 181       30   4
   385 364 181       30   4
   386 364 182       30   4
   387 364 183       30   4
   388 364 183       30   4
   389 364 184       30   4
   390 364 185       30   4
   391 364 185       30   4
   392 364 186       30   4
   393 364 186       30   4
   394 365 187       30   4
   394 365 188       30   4
   395 366 189       30   4
   396 367 190       30   4
   397 367 191       30   4
   398 367 192       30   4


#Segment 31 (Axon 5)
#count= 83
   245 375 178       31   5
   245 375 179       31   5
   245 374 180       31   5
   245 373 181       31   5
   244 372 182       31   5
   244 371 183       31   5
   243 370 184       31   5
   243 369 185       31   5
   242 368 185       31   5
   242 367 186       31   5
   242 366 187       31   5
   242 365 188       31   5
   241 364 188       31   5
   241 363 189       31   5
   240 362 190       31   5
   240 361 191       31   5
   239 360 191       31   5
   239 359 192       31   5
   239 358 192       31   5
   239 357 192       31   5
   238 356 192       31   5
   237 355 193       31   5
   237 354 194       31   5
   236 353 194       31   5
   235 352 195       31   5
   235 351 195       31   5
   234 350 195       31   5
   233 349 196       31   5
   233 348 197       31   5
   232 347 197       31   5
   231 347 197       31   5
   230 346 197       31   5
   229 346 197       31   5
   228 345 197       31   5
   227 345 197       31   5
   226 345 197       31   5
   225 345 197       31   5
   224 344 197       31   5
   223 343 198       31   5
   222 343 198       31   5
   221 342 198       31   5
   220 341 198       31   5
   219 341 198       31   5
   218 340 197       31   5
   217 341 198       31   5
   216 341 198       31   5
   215 341 198       31   5
   214 341 198       31   5
   213 341 198       31   5
   212 340 197       31   5
   211 339 198       31   5
   210 339 198       31   5
   209 338 198       31   5
   208 339 198       31   5
   207 339 198       31   5
   206 339 198       31   5
   205 339 198       31   5
   204 339 198       31   5
   203 338 197       31   5
   202 338 197       31   5
   201 338 197       31   5
   200 338 196       31   5
   199 338 197       31   5
   198 338 197       31   5
   197 338 197       31   5
   196 339 197       31   5
   195 339 197       31   5
   194 339 197       31   5
   193 340 197       31   5
   192 340 197       31   5
   191 340 197       31   5
   190 340 196       31   5
   189 340 196       31   5
   188 340 195       31   5
   187 340 195       31   5
   186 340 195       31   5
   185 340 194       31   5
   184 340 193       31   5
   183 340 193       31   5
   182 340 192       31   5
   181 341 192       31   5
   180 341 192       31   5
   179 341 192       31   5


#Segment 32 (Axon 6)
#count= 53
   264 374 175       32   6
   265 373 176       32   6
   265 372 176       32   6
   266 371 176       32   6
   266 370 176       32   6
   267 369 176       32   6
   267 368 176       32   6
   267 367 176       32   6
   267 366 176       32   6
   268 365 177       32   6
   268 364 177       32   6
   268 363 177       32   6
   268 362 177       32   6
   269 361 177       32   6
   269 360 177       32   6
   269 359 177       32   6
   269 358 177       32   6
   270 357 177       32   6
   270 356 177       32   6
   270 355 176       32   6
   271 354 176       32   6
   272 353 176       32   6
   272 352 175       32   6
   273 351 176       32   6
   273 350 176       32   6
   273 349 176       32   6
   274 348 177       32   6
   274 347 177       32   6
   274 346 177       32   6
   275 345 178       32   6
   275 344 179       32   6
   275 343 179       32   6
   276 342 180       32   6
   276 341 181       32   6
   276 340 181       32   6
   277 339 180       32   6
   277 338 180       32   6
   277 337 179       32   6
   278 336 180       32   6
   279 335 181       32   6
   279 334 181       32   6
   280 333 182       32   6
   281 332 182       32   6
   281 331 182       32   6
   282 330 182       32   6
   283 329 182       32   6
   283 328 181       32   6
   284 327 182       32   6
   284 326 182       32   6
   284 325 182       32   6
   285 324 183       32   6
   286 323 183       32   6
   286 322 183       32   6
