# 3D trace file


#Segment 0 (Axon 1)
#count= 56
   283 119 198       0   1
   283 120 199       0   1
   283 121 199       0   1
   283 122 199       0   1
   283 123 199       0   1
   282 124 199       0   1
   282 125 199       0   1
   282 126 199       0   1
   282 127 199       0   1
   281 128 199       0   1
   281 129 199       0   1
   281 130 199       0   1
   281 131 199       0   1
   281 132 199       0   1
   280 133 199       0   1
   280 134 199       0   1
   279 135 199       0   1
   279 136 199       0   1
   278 137 199       0   1
   278 138 199       0   1
   277 139 199       0   1
   276 140 199       0   1
   276 141 199       0   1
   276 142 198       0   1
   276 143 197       0   1
   275 144 196       0   1
   275 145 196       0   1
   274 146 196       0   1
   273 147 196       0   1
   273 148 196       0   1
   272 149 196       0   1
   271 150 195       0   1
   271 151 195       0   1
   270 152 195       0   1
   269 153 195       0   1
   269 154 195       0   1
   268 155 195       0   1
   267 156 194       0   1
   267 157 195       0   1
   266 158 195       0   1
   265 159 195       0   1
   265 160 195       0   1
   265 161 195       0   1
   264 162 194       0   1
   264 163 195       0   1
   263 164 195       0   1
   262 165 195       0   1
   261 165 195       0   1
   261 166 195       0   1
   260 167 195       0   1
   259 168 195       0   1
   259 169 196       0   1
   258 170 196       0   1
   257 171 196       0   1
   257 172 196       0   1
   256 173 196       0   1

#Segment 1 (Axon 1)
#count= 28
   256 173 196       1   1
   257 174 196       1   1
   258 175 196       1   1
   259 176 197       1   1
   259 177 198       1   1
   260 178 199       1   1
   261 179 200       1   1
   262 180 200       1   1
   263 181 200       1   1
   264 182 199       1   1
   265 183 198       1   1
   265 183 197       1   1
   266 183 197       1   1
   266 182 197       1   1
   265 181 197       1   1
   264 180 196       1   1
   263 180 196       1   1
   262 179 195       1   1
   261 179 196       1   1
   260 179 196       1   1
   259 178 196       1   1
   258 179 196       1   1
   257 179 196       1   1
   256 179 196       1   1
   255 180 196       1   1
   254 180 196       1   1
   253 181 196       1   1
   252 181 195       1   1

#Segment 2 (Axon 1)
#count= 29
   256 173 196       2   1
   255 174 195       2   1
   255 175 195       2   1
   254 176 194       2   1
   253 177 193       2   1
   253 178 193       2   1
   252 179 193       2   1
   251 180 193       2   1
   251 181 193       2   1
   251 182 193       2   1
   250 183 193       2   1
   250 184 193       2   1
   250 185 193       2   1
   250 186 193       2   1
   249 187 192       2   1
   249 188 192       2   1
   248 189 192       2   1
   247 190 192       2   1
   246 190 192       2   1
   246 191 193       2   1
   245 192 193       2   1
   244 193 193       2   1
   243 193 193       2   1
   242 194 193       2   1
   241 195 193       2   1
   240 195 192       2   1
   240 196 193       2   1
   239 197 193       2   1
   238 198 193       2   1

#Segment 3 (Axon 1)
#count= 34
   238 198 193       3   1
   237 197 192       3   1
   236 198 192       3   1
   235 199 192       3   1
   234 199 191       3   1
   233 200 191       3   1
   232 201 191       3   1
   231 201 190       3   1
   230 201 190       3   1
   229 201 190       3   1
   228 201 190       3   1
   227 201 189       3   1
   226 201 189       3   1
   225 200 188       3   1
   224 199 187       3   1
   223 199 187       3   1
   222 198 186       3   1
   221 198 185       3   1
   220 198 185       3   1
   219 197 184       3   1
   218 196 184       3   1
   217 196 184       3   1
   216 195 184       3   1
   215 195 184       3   1
   214 195 184       3   1
   213 195 184       3   1
   212 195 184       3   1
   211 195 184       3   1
   210 195 183       3   1
   209 195 183       3   1
   208 195 183       3   1
   207 195 183       3   1
   206 194 184       3   1
   205 194 184       3   1

#Segment 4 (Axon 1)
#count= 141
   205 194 184       4   1
   204 194 185       4   1
   204 195 184       4   1
   204 195 183       4   1
   203 195 182       4   1
   203 195 181       4   1
   203 195 180       4   1
   202 195 179       4   1
   201 196 178       4   1
   201 196 177       4   1
   200 196 176       4   1
   200 197 175       4   1
   200 197 174       4   1
   199 197 173       4   1
   198 197 172       4   1
   197 197 171       4   1
   196 197 170       4   1
   195 198 170       4   1
   194 198 170       4   1
   193 198 169       4   1
   193 199 169       4   1
   192 200 168       4   1
   191 201 168       4   1
   190 201 167       4   1
   189 202 166       4   1
   188 202 166       4   1
   187 202 165       4   1
   186 203 164       4   1
   186 204 163       4   1
   185 204 162       4   1
   184 205 161       4   1
   183 205 160       4   1
   182 205 159       4   1
   181 206 158       4   1
   181 207 157       4   1
   180 207 156       4   1
   179 208 155       4   1
   178 208 154       4   1
   177 208 153       4   1
   176 209 152       4   1
   176 210 151       4   1
   175 210 150       4   1
   174 211 149       4   1
   174 212 148       4   1
   173 212 147       4   1
   172 212 146       4   1
   172 212 145       4   1
   171 212 144       4   1
   171 213 143       4   1
   171 213 142       4   1
   170 213 141       4   1
   170 214 141       4   1
   170 215 140       4   1
   170 216 139       4   1
   170 217 138       4   1
   170 218 137       4   1
   170 218 136       4   1
   170 219 136       4   1
   170 220 135       4   1
   170 221 134       4   1
   169 221 133       4   1
   168 222 132       4   1
   168 223 131       4   1
   167 223 130       4   1
   167 224 129       4   1
   167 225 128       4   1
   166 225 127       4   1
   165 226 126       4   1
   165 227 125       4   1
   164 227 124       4   1
   163 228 123       4   1
   163 229 122       4   1
   162 229 121       4   1
   162 230 121       4   1
   162 231 120       4   1
   162 232 119       4   1
   162 233 118       4   1
   162 234 117       4   1
   162 235 116       4   1
   162 236 115       4   1
   161 236 114       4   1
   161 237 114       4   1
   161 238 113       4   1
   161 239 112       4   1
   160 239 111       4   1
   160 240 110       4   1
   160 241 109       4   1
   159 241 108       4   1
   158 242 107       4   1
   158 243 106       4   1
   157 243 105       4   1
   156 244 104       4   1
   155 244 104       4   1
   154 244 103       4   1
   153 245 102       4   1
   152 245 101       4   1
   151 245 100       4   1
   150 246 99       4   1
   149 246 98       4   1
   148 246 97       4   1
   147 247 96       4   1
   147 247 95       4   1
   146 247 94       4   1
   145 248 93       4   1
   145 248 92       4   1
   144 248 91       4   1
   143 249 90       4   1
   143 249 89       4   1
   142 249 88       4   1
   142 250 87       4   1
   142 250 86       4   1
   141 250 85       4   1
   141 251 85       4   1
   141 252 84       4   1
   140 253 83       4   1
   140 254 83       4   1
   140 255 82       4   1
   139 256 81       4   1
   139 257 81       4   1
   139 258 80       4   1
   138 259 79       4   1
   138 260 79       4   1
   138 261 78       4   1
   138 262 77       4   1
   137 262 76       4   1
   137 263 76       4   1
   136 264 75       4   1
   135 265 74       4   1
   135 266 74       4   1
   135 267 73       4   1
   135 268 72       4   1
   134 268 71       4   1
   134 269 71       4   1
   134 270 70       4   1
   134 271 69       4   1
   134 272 69       4   1
   134 273 68       4   1
   134 274 67       4   1
   134 275 67       4   1
   134 276 66       4   1
   134 277 65       4   1

#Segment 5 (Axon 1)
#count= 14
   205 194 184       5   1
   204 193 184       5   1
   203 193 185       5   1
   202 193 185       5   1
   201 192 185       5   1
   200 192 186       5   1
   199 192 186       5   1
   198 191 186       5   1
   197 190 186       5   1
   196 190 186       5   1
   195 189 186       5   1
   194 189 186       5   1
   193 189 186       5   1
   192 188 185       5   1

#Segment 6 (Axon 1)
#count= 53
   238 198 193       6   1
   238 199 194       6   1
   237 200 194       6   1
   236 201 194       6   1
   236 202 194       6   1
   235 203 194       6   1
   234 204 194       6   1
   234 205 194       6   1
   233 206 194       6   1
   232 207 194       6   1
   232 208 194       6   1
   232 209 194       6   1
   231 210 193       6   1
   231 211 193       6   1
   231 212 193       6   1
   230 213 192       6   1
   230 214 192       6   1
   230 215 192       6   1
   229 216 192       6   1
   229 217 192       6   1
   229 218 192       6   1
   229 219 192       6   1
   229 220 192       6   1
   229 221 192       6   1
   228 222 192       6   1
   228 223 192       6   1
   228 224 192       6   1
   227 225 192       6   1
   227 226 193       6   1
   227 227 193       6   1
   227 228 193       6   1
   227 229 193       6   1
   227 230 193       6   1
   226 231 192       6   1
   226 232 192       6   1
   226 233 192       6   1
   225 234 192       6   1
   225 235 192       6   1
   225 236 192       6   1
   224 237 192       6   1
   224 238 192       6   1
   224 239 192       6   1
   223 240 192       6   1
   223 241 192       6   1
   222 242 192       6   1
   221 243 191       6   1
   221 244 191       6   1
   221 245 191       6   1
   221 246 191       6   1
   221 247 191       6   1
   221 248 192       6   1
   221 249 192       6   1
   220 250 192       6   1

#Segment 7 (Axon 1)
#count= 49
   220 250 192       7   1
   219 249 191       7   1
   219 250 192       7   1
   219 251 192       7   1
   219 252 193       7   1
   219 253 193       7   1
   218 254 193       7   1
   217 255 193       7   1
   216 255 193       7   1
   215 256 194       7   1
   214 256 194       7   1
   213 257 195       7   1
   212 257 195       7   1
   211 257 196       7   1
   210 257 196       7   1
   209 257 197       7   1
   208 256 197       7   1
   207 256 197       7   1
   206 256 197       7   1
   205 256 197       7   1
   204 256 198       7   1
   203 256 199       7   1
   202 255 199       7   1
   202 256 200       7   1
   201 256 201       7   1
   200 256 202       7   1
   199 256 202       7   1
   199 257 203       7   1
   198 257 204       7   1
   197 257 205       7   1
   197 258 206       7   1
   196 258 207       7   1
   195 258 208       7   1
   195 259 209       7   1
   194 259 210       7   1
   193 259 211       7   1
   192 259 212       7   1
   192 259 213       7   1
   191 259 214       7   1
   190 258 215       7   1
   190 258 216       7   1
   189 258 217       7   1
   188 257 218       7   1
   188 257 219       7   1
   187 257 220       7   1
   186 256 221       7   1
   186 256 222       7   1
   186 256 223       7   1
   186 255 224       7   1

#Segment 8 (Axon 1)
#count= 79
   220 250 192       8   1
   220 251 193       8   1
   220 252 193       8   1
   220 253 193       8   1
   220 254 193       8   1
   220 255 193       8   1
   219 256 193       8   1
   219 257 193       8   1
   219 258 193       8   1
   219 259 192       8   1
   219 260 192       8   1
   219 261 192       8   1
   218 262 192       8   1
   218 263 192       8   1
   218 264 192       8   1
   217 265 192       8   1
   217 266 192       8   1
   217 267 191       8   1
   216 268 190       8   1
   216 269 191       8   1
   216 270 191       8   1
   216 271 191       8   1
   217 272 191       8   1
   217 273 191       8   1
   217 274 191       8   1
   217 275 191       8   1
   217 276 191       8   1
   217 277 191       8   1
   216 278 190       8   1
   216 279 191       8   1
   216 280 191       8   1
   215 281 191       8   1
   215 282 191       8   1
   215 283 191       8   1
   214 284 190       8   1
   214 285 190       8   1
   214 286 190       8   1
   213 287 190       8   1
   213 288 190       8   1
   213 289 190       8   1
   213 290 190       8   1
   213 291 190       8   1
   213 292 190       8   1
   212 293 190       8   1
   211 294 190       8   1
   211 295 190       8   1
   210 296 190       8   1
   209 297 190       8   1
   209 298 191       8   1
   208 299 191       8   1
   207 300 191       8   1
   206 300 191       8   1
   206 301 192       8   1
   206 302 192       8   1
   206 303 192       8   1
   206 304 192       8   1
   206 305 192       8   1
   205 306 192       8   1
   205 307 192       8   1
   205 308 192       8   1
   204 309 191       8   1
   204 310 192       8   1
   204 311 192       8   1
   203 312 192       8   1
   203 313 192       8   1
   203 314 192       8   1
   203 315 192       8   1
   203 316 192       8   1
   202 317 192       8   1
   201 318 191       8   1
   202 319 191       8   1
   202 320 191       8   1
   202 321 191       8   1
   202 322 191       8   1
   202 323 191       8   1
   201 324 190       8   1
   201 325 191       8   1
   201 326 191       8   1
   201 327 191       8   1

#Segment 9 (Axon 1)
#count= 98
   201 327 191       9   1
   201 327 190       9   1
   200 327 189       9   1
   200 328 188       9   1
   200 328 187       9   1
   199 328 186       9   1
   199 329 185       9   1
   199 330 184       9   1
   198 330 183       9   1
   198 330 182       9   1
   198 330 181       9   1
   197 330 180       9   1
   197 330 179       9   1
   197 330 178       9   1
   196 330 177       9   1
   196 330 176       9   1
   196 330 175       9   1
   195 330 174       9   1
   195 331 173       9   1
   195 331 172       9   1
   195 331 171       9   1
   195 331 170       9   1
   195 331 169       9   1
   195 331 168       9   1
   195 332 167       9   1
   195 332 166       9   1
   194 332 165       9   1
   194 332 164       9   1
   194 332 163       9   1
   193 332 162       9   1
   192 332 161       9   1
   192 332 160       9   1
   191 332 159       9   1
   190 333 158       9   1
   190 333 157       9   1
   189 333 156       9   1
   189 333 155       9   1
   189 333 154       9   1
   188 333 153       9   1
   187 334 152       9   1
   187 334 151       9   1
   186 334 150       9   1
   185 335 149       9   1
   185 335 148       9   1
   184 335 147       9   1
   183 336 146       9   1
   183 336 145       9   1
   182 336 144       9   1
   181 336 143       9   1
   181 336 142       9   1
   180 336 141       9   1
   179 336 140       9   1
   178 336 139       9   1
   177 336 138       9   1
   176 337 137       9   1
   175 337 136       9   1
   174 337 135       9   1
   173 338 134       9   1
   173 338 133       9   1
   172 338 132       9   1
   171 339 131       9   1
   171 339 130       9   1
   170 339 129       9   1
   169 340 128       9   1
   169 340 127       9   1
   168 340 126       9   1
   167 340 125       9   1
   166 340 124       9   1
   165 340 123       9   1
   164 341 122       9   1
   164 341 121       9   1
   163 341 120       9   1
   163 342 119       9   1
   163 343 118       9   1
   162 343 117       9   1
   161 344 116       9   1
   161 345 115       9   1
   160 345 114       9   1
   159 345 113       9   1
   158 345 112       9   1
   157 345 111       9   1
   156 345 110       9   1
   155 345 109       9   1
   154 344 108       9   1
   153 344 107       9   1
   152 344 106       9   1
   151 344 105       9   1
   150 344 104       9   1
   149 344 104       9   1
   148 344 103       9   1
   148 345 102       9   1
   148 345 101       9   1
   147 345 100       9   1
   147 346 100       9   1
   147 347 99       9   1
   146 348 98       9   1
   146 349 98       9   1
   146 350 97       9   1

#Segment 10 (Axon 1)
#count= 27
   146 350 97       10   1
   147 349 98       10   1
   147 348 98       10   1
   147 347 99       10   1
   147 346 99       10   1
   147 346 100       10   1
   147 345 101       10   1
   147 344 102       10   1
   146 343 102       10   1
   147 342 103       10   1
   147 341 103       10   1
   147 340 103       10   1
   148 341 104       10   1
   149 341 104       10   1
   150 342 105       10   1
   151 343 106       10   1
   152 343 106       10   1
   152 343 107       10   1
   152 343 108       10   1
   153 343 109       10   1
   154 342 110       10   1
   155 343 111       10   1
   156 343 111       10   1
   157 343 112       10   1
   158 343 113       10   1
   159 343 113       10   1
   160 343 114       10   1

#Segment 11 (Axon 1)
#count= 60
   146 350 97       11   1
   146 351 96       11   1
   145 351 95       11   1
   145 352 95       11   1
   144 353 94       11   1
   143 354 93       11   1
   143 355 93       11   1
   142 356 93       11   1
   141 357 92       11   1
   141 358 92       11   1
   140 359 91       11   1
   140 360 90       11   1
   139 360 89       11   1
   138 361 88       11   1
   138 362 87       11   1
   137 362 86       11   1
   136 363 85       11   1
   136 364 84       11   1
   135 364 83       11   1
   134 364 82       11   1
   133 364 81       11   1
   132 365 80       11   1
   132 365 79       11   1
   131 365 78       11   1
   130 366 77       11   1
   130 366 76       11   1
   129 366 75       11   1
   128 367 74       11   1
   128 367 73       11   1
   127 367 72       11   1
   126 368 71       11   1
   126 368 70       11   1
   125 368 69       11   1
   125 369 68       11   1
   125 369 67       11   1
   124 369 66       11   1
   123 370 65       11   1
   123 370 64       11   1
   122 370 63       11   1
   122 370 62       11   1
   122 370 61       11   1
   121 370 60       11   1
   121 370 59       11   1
   121 370 58       11   1
   121 370 57       11   1
   121 370 56       11   1
   121 370 55       11   1
   121 370 54       11   1
   121 370 53       11   1
   121 370 52       11   1
   121 370 51       11   1
   121 371 50       11   1
   121 371 49       11   1
   120 371 48       11   1
   119 371 47       11   1
   119 371 46       11   1
   118 370 45       11   1
   118 370 44       11   1
   118 370 43       11   1
   117 370 42       11   1

#Segment 12 (Axon 1)
#count= 33
   201 327 191       12   1
   201 328 191       12   1
   201 329 191       12   1
   201 330 190       12   1
   202 331 190       12   1
   202 332 190       12   1
   202 333 189       12   1
   202 334 190       12   1
   202 335 190       12   1
   201 336 191       12   1
   201 337 191       12   1
   201 338 191       12   1
   200 339 190       12   1
   200 340 191       12   1
   200 341 191       12   1
   200 342 191       12   1
   200 343 192       12   1
   200 344 192       12   1
   200 345 192       12   1
   200 346 192       12   1
   200 347 191       12   1
   200 348 190       12   1
   200 349 190       12   1
   200 350 190       12   1
   200 351 190       12   1
   201 352 190       12   1
   201 353 190       12   1
   201 354 190       12   1
   201 355 190       12   1
   201 356 189       12   1
   201 357 188       12   1
   201 358 188       12   1
   201 359 188       12   1

#Segment 13 (Axon 1)
#count= 26
   201 359 188       13   1
   201 359 187       13   1
   201 359 186       13   1
   201 359 185       13   1
   202 359 185       13   1
   203 358 184       13   1
   204 358 183       13   1
   204 357 182       13   1
   205 356 182       13   1
   205 355 181       13   1
   205 354 181       13   1
   205 353 180       13   1
   205 352 180       13   1
   205 351 180       13   1
   205 350 180       13   1
   206 349 181       13   1
   206 348 182       13   1
   206 347 183       13   1
   206 346 183       13   1
   206 345 183       13   1
   205 344 184       13   1
   204 344 185       13   1
   203 343 185       13   1
   203 343 186       13   1
   203 342 187       13   1
   202 341 188       13   1

#Segment 14 (Axon 1)
#count= 20
   201 359 188       14   1
   200 360 188       14   1
   200 361 188       14   1
   200 362 188       14   1
   199 363 187       14   1
   199 364 187       14   1
   199 365 187       14   1
   199 366 187       14   1
   199 367 187       14   1
   199 368 187       14   1
   198 369 187       14   1
   198 370 187       14   1
   198 371 187       14   1
   197 372 187       14   1
   197 373 187       14   1
   197 374 187       14   1
   197 375 186       14   1
   197 376 186       14   1
   197 377 186       14   1
   196 378 186       14   1

#Segment 15 (Axon 1)
#count= 68
   196 378 186       15   1
   195 377 187       15   1
   195 378 187       15   1
   195 379 187       15   1
   194 380 186       15   1
   194 381 186       15   1
   193 382 186       15   1
   192 383 185       15   1
   192 384 185       15   1
   191 385 184       15   1
   190 386 183       15   1
   189 387 182       15   1
   188 387 181       15   1
   187 387 180       15   1
   186 388 179       15   1
   185 388 178       15   1
   184 388 177       15   1
   183 389 176       15   1
   182 390 176       15   1
   181 390 175       15   1
   180 391 174       15   1
   179 392 174       15   1
   178 392 173       15   1
   177 393 172       15   1
   176 394 172       15   1
   175 394 171       15   1
   174 395 170       15   1
   173 396 170       15   1
   172 396 169       15   1
   171 397 168       15   1
   170 398 168       15   1
   169 398 167       15   1
   168 399 166       15   1
   168 400 165       15   1
   167 400 164       15   1
   167 401 164       15   1
   166 402 163       15   1
   165 403 162       15   1
   164 403 161       15   1
   164 404 161       15   1
   163 405 161       15   1
   162 406 161       15   1
   161 406 160       15   1
   161 407 160       15   1
   160 408 159       15   1
   160 409 158       15   1
   159 409 157       15   1
   159 410 157       15   1
   158 411 156       15   1
   157 412 155       15   1
   157 413 155       15   1
   157 414 155       15   1
   157 415 155       15   1
   157 416 155       15   1
   157 417 155       15   1
   156 418 154       15   1
   156 419 154       15   1
   156 420 154       15   1
   156 421 154       15   1
   156 422 154       15   1
   156 423 154       15   1
   156 424 154       15   1
   157 425 154       15   1
   157 426 154       15   1
   157 427 154       15   1
   158 428 154       15   1
   158 429 154       15   1
   159 430 153       15   1

#Segment 16 (Axon 1)
#count= 68
   196 378 186       16   1
   196 379 186       16   1
   196 380 186       16   1
   195 381 186       16   1
   195 382 187       16   1
   195 383 187       16   1
   194 384 187       16   1
   194 385 187       16   1
   194 386 187       16   1
   193 387 187       16   1
   193 388 188       16   1
   193 389 188       16   1
   193 390 188       16   1
   193 391 188       16   1
   193 392 188       16   1
   192 393 187       16   1
   192 394 188       16   1
   192 395 188       16   1
   192 396 188       16   1
   192 397 188       16   1
   192 398 188       16   1
   192 399 187       16   1
   192 400 188       16   1
   191 401 188       16   1
   190 402 188       16   1
   190 403 188       16   1
   189 404 188       16   1
   188 405 187       16   1
   188 406 187       16   1
   188 407 187       16   1
   188 408 186       16   1
   188 409 187       16   1
   188 410 187       16   1
   187 411 187       16   1
   187 412 187       16   1
   187 413 187       16   1
   186 414 187       16   1
   186 415 187       16   1
   186 416 187       16   1
   185 417 187       16   1
   185 418 187       16   1
   185 419 187       16   1
   184 420 187       16   1
   184 421 187       16   1
   184 422 187       16   1
   184 423 187       16   1
   184 424 187       16   1
   184 425 187       16   1
   183 426 186       16   1
   183 427 186       16   1
   183 428 186       16   1
   182 429 185       16   1
   182 430 185       16   1
   182 431 185       16   1
   181 432 185       16   1
   181 433 186       16   1
   181 434 186       16   1
   180 435 186       16   1
   180 436 187       16   1
   180 437 187       16   1
   179 438 188       16   1
   179 439 188       16   1
   179 440 187       16   1
   178 441 186       16   1
   178 442 187       16   1
   178 443 187       16   1
   178 444 187       16   1
   178 445 187       16   1

#Segment 17 (Axon 1)
#count= 25
   178 445 187       17   1
   177 445 187       17   1
   177 446 188       17   1
   177 447 189       17   1
   177 448 190       17   1
   176 449 191       17   1
   175 449 192       17   1
   174 450 193       17   1
   173 450 193       17   1
   173 451 194       17   1
   173 452 194       17   1
   173 453 195       17   1
   174 454 195       17   1
   174 455 195       17   1
   175 456 195       17   1
   175 457 196       17   1
   175 458 196       17   1
   174 459 196       17   1
   174 460 195       17   1
   174 460 194       17   1
   174 461 193       17   1
   173 461 192       17   1
   173 462 192       17   1
   172 463 191       17   1
   171 464 190       17   1

#Segment 18 (Axon 1)
#count= 26
   178 445 187       18   1
   178 446 188       18   1
   177 447 188       18   1
   176 448 188       18   1
   176 449 189       18   1
   175 450 189       18   1
   174 451 189       18   1
   174 452 189       18   1
   174 453 189       18   1
   173 454 188       18   1
   173 455 188       18   1
   173 456 188       18   1
   173 457 188       18   1
   173 458 187       18   1
   173 459 187       18   1
   172 460 187       18   1
   171 461 186       18   1
   171 462 187       18   1
   171 463 187       18   1
   170 464 187       18   1
   170 465 188       18   1
   170 466 188       18   1
   169 467 189       18   1
   169 468 190       18   1
   169 469 190       18   1
   168 470 190       18   1


#Segment 19 (Axon 2)
#count= 38
   312 85 204       19   2
   313 85 205       19   2
   314 85 205       19   2
   315 85 206       19   2
   316 84 206       19   2
   317 84 207       19   2
   318 84 207       19   2
   319 84 207       19   2
   320 83 207       19   2
   321 83 208       19   2
   322 83 208       19   2
   323 83 209       19   2
   324 82 209       19   2
   325 82 210       19   2
   326 81 210       19   2
   327 81 210       19   2
   328 80 210       19   2
   329 80 211       19   2
   330 79 211       19   2
   331 78 212       19   2
   332 78 213       19   2
   333 78 213       19   2
   334 77 214       19   2
   335 77 215       19   2
   336 76 216       19   2
   337 75 217       19   2
   338 75 218       19   2
   339 74 218       19   2
   340 73 218       19   2
   341 73 219       19   2
   342 72 219       19   2
   343 71 219       19   2
   344 71 220       19   2
   345 70 220       19   2
   346 69 220       19   2
   346 68 220       19   2
   347 68 221       19   2
   348 68 222       19   2

#Segment 20 (Axon 2)
#count= 82
   348 68 222       20   2
   348 69 223       20   2
   348 70 223       20   2
   349 70 223       20   2
   350 69 223       20   2
   351 68 223       20   2
   352 68 224       20   2
   353 67 224       20   2
   354 66 224       20   2
   355 66 224       20   2
   356 65 224       20   2
   357 64 224       20   2
   357 63 223       20   2
   358 63 224       20   2
   359 62 224       20   2
   360 61 225       20   2
   361 61 224       20   2
   362 60 223       20   2
   363 60 222       20   2
   363 59 221       20   2
   364 59 221       20   2
   365 58 221       20   2
   366 57 221       20   2
   366 56 220       20   2
   367 56 220       20   2
   368 55 220       20   2
   369 54 220       20   2
   370 54 221       20   2
   371 53 221       20   2
   372 52 221       20   2
   372 51 221       20   2
   373 51 221       20   2
   374 51 221       20   2
   375 51 221       20   2
   376 51 221       20   2
   377 51 221       20   2
   378 51 221       20   2
   379 50 220       20   2
   380 50 221       20   2
   381 49 222       20   2
   382 48 223       20   2
   383 48 223       20   2
   384 48 223       20   2
   385 48 223       20   2
   386 47 223       20   2
   387 47 223       20   2
   388 47 223       20   2
   389 47 222       20   2
   390 47 222       20   2
   391 47 222       20   2
   392 47 221       20   2
   393 47 221       20   2
   394 47 220       20   2
   395 46 219       20   2
   396 46 219       20   2
   397 46 219       20   2
   398 45 218       20   2
   399 45 219       20   2
   400 44 219       20   2
   401 43 219       20   2
   402 43 219       20   2
   403 42 219       20   2
   404 41 219       20   2
   405 40 220       20   2
   406 39 220       20   2
   407 38 221       20   2
   407 37 221       20   2
   408 37 222       20   2
   409 36 222       20   2
   410 35 222       20   2
   410 34 222       20   2
   411 34 223       20   2
   412 33 223       20   2
   413 32 223       20   2
   413 31 223       20   2
   414 30 223       20   2
   415 29 223       20   2
   415 28 223       20   2
   416 28 223       20   2
   417 27 223       20   2
   418 26 223       20   2
   418 25 223       20   2

#Segment 21 (Axon 2)
#count= 11
   348 68 222       21   2
   349 67 223       21   2
   350 67 224       21   2
   350 67 225       21   2
   351 67 226       21   2
   352 67 227       21   2
   352 67 228       21   2
   352 66 229       21   2
   352 66 230       21   2
   352 66 231       21   2
   352 66 232       21   2


#Segment 22 (Axon 3)
#count= 29
   304 116 199       22   3
   305 117 200       22   3
   306 118 200       22   3
   307 119 200       22   3
   308 120 200       22   3
   309 121 200       22   3
   310 122 200       22   3
   311 123 200       22   3
   312 124 201       22   3
   313 124 201       22   3
   314 125 201       22   3
   315 126 202       22   3
   316 126 202       22   3
   317 126 202       22   3
   318 127 202       22   3
   319 127 202       22   3
   320 127 201       22   3
   321 127 202       22   3
   322 127 202       22   3
   323 127 202       22   3
   324 127 202       22   3
   325 127 202       22   3
   326 127 202       22   3
   327 128 202       22   3
   328 128 202       22   3
   329 128 201       22   3
   330 128 202       22   3
   331 127 202       22   3
   332 126 202       22   3

#Segment 23 (Axon 3)
#count= 75
   332 126 202       23   3
   332 127 202       23   3
   333 128 203       23   3
   334 129 203       23   3
   335 130 204       23   3
   336 131 204       23   3
   336 132 203       23   3
   337 133 202       23   3
   338 134 203       23   3
   339 134 203       23   3
   340 135 203       23   3
   341 136 204       23   3
   342 136 204       23   3
   343 137 204       23   3
   344 138 204       23   3
   345 139 204       23   3
   346 140 204       23   3
   347 141 205       23   3
   347 142 205       23   3
   348 143 206       23   3
   349 144 207       23   3
   349 145 207       23   3
   350 146 208       23   3
   351 147 208       23   3
   351 148 208       23   3
   352 149 207       23   3
   353 150 208       23   3
   353 151 208       23   3
   353 152 208       23   3
   353 153 208       23   3
   354 154 209       23   3
   354 155 209       23   3
   355 156 210       23   3
   356 157 211       23   3
   356 158 211       23   3
   357 159 212       23   3
   358 160 213       23   3
   359 161 213       23   3
   360 162 213       23   3
   361 163 214       23   3
   361 164 214       23   3
   362 165 215       23   3
   363 166 216       23   3
   363 166 217       23   3
   364 167 218       23   3
   365 168 219       23   3
   365 169 219       23   3
   366 170 220       23   3
   367 171 221       23   3
   367 171 222       23   3
   368 171 223       23   3
   369 172 224       23   3
   369 172 225       23   3
   370 172 226       23   3
   371 173 227       23   3
   371 173 228       23   3
   371 173 229       23   3
   372 174 230       23   3
   373 174 230       23   3
   374 174 231       23   3
   375 175 232       23   3
   375 175 233       23   3
   375 176 234       23   3
   375 177 235       23   3
   375 177 236       23   3
   375 178 237       23   3
   376 179 238       23   3
   376 179 239       23   3
   376 180 240       23   3
   377 180 241       23   3
   377 180 242       23   3
   377 180 243       23   3
   377 180 244       23   3
   377 180 245       23   3
   377 180 246       23   3

#Segment 24 (Axon 3)
#count= 41
   332 126 202       24   3
   333 126 202       24   3
   334 126 202       24   3
   335 125 202       24   3
   336 125 202       24   3
   337 125 202       24   3
   338 124 202       24   3
   339 124 202       24   3
   340 123 202       24   3
   341 122 201       24   3
   342 122 201       24   3
   343 121 201       24   3
   344 120 200       24   3
   345 120 200       24   3
   346 119 200       24   3
   347 118 199       24   3
   348 118 199       24   3
   349 117 199       24   3
   350 116 198       24   3
   351 116 198       24   3
   352 116 197       24   3
   353 115 196       24   3
   354 115 196       24   3
   355 115 195       24   3
   356 115 194       24   3
   356 114 193       24   3
   357 114 193       24   3
   358 113 192       24   3
   359 113 191       24   3
   360 112 190       24   3
   361 113 189       24   3
   362 113 188       24   3
   363 113 187       24   3
   363 113 186       24   3
   363 113 185       24   3
   364 114 185       24   3
   365 114 184       24   3
   366 115 183       24   3
   367 116 183       24   3
   368 116 182       24   3
   369 116 181       24   3


#Segment 25 (Axon 4)
#count= 76
   294 81 205       25   4
   294 81 206       25   4
   293 80 207       25   4
   293 79 208       25   4
   292 78 208       25   4
   292 77 209       25   4
   291 76 210       25   4
   291 75 211       25   4
   290 74 211       25   4
   290 73 212       25   4
   289 72 213       25   4
   289 71 214       25   4
   288 70 214       25   4
   288 69 215       25   4
   287 68 216       25   4
   287 67 217       25   4
   286 66 217       25   4
   285 65 218       25   4
   285 64 219       25   4
   284 63 219       25   4
   283 62 219       25   4
   283 61 219       25   4
   282 60 219       25   4
   281 59 219       25   4
   281 58 219       25   4
   280 57 219       25   4
   280 57 220       25   4
   279 56 221       25   4
   279 55 222       25   4
   278 54 222       25   4
   277 54 222       25   4
   276 53 222       25   4
   275 52 222       25   4
   274 51 222       25   4
   273 50 222       25   4
   272 50 222       25   4
   271 49 222       25   4
   270 48 223       25   4
   269 48 223       25   4
   268 47 223       25   4
   267 47 223       25   4
   266 47 223       25   4
   265 46 222       25   4
   264 46 223       25   4
   263 46 223       25   4
   262 46 223       25   4
   261 46 224       25   4
   260 46 224       25   4
   259 45 224       25   4
   258 45 224       25   4
   257 45 224       25   4
   256 44 224       25   4
   255 44 224       25   4
   254 44 224       25   4
   253 44 223       25   4
   252 44 223       25   4
   251 44 223       25   4
   250 44 223       25   4
   249 44 223       25   4
   248 44 223       25   4
   247 43 223       25   4
   246 44 223       25   4
   245 44 223       25   4
   244 44 223       25   4
   243 45 223       25   4
   242 45 223       25   4
   241 45 222       25   4
   240 46 223       25   4
   239 46 223       25   4
   238 46 223       25   4
   237 46 223       25   4
   236 46 223       25   4
   235 46 222       25   4
   234 47 221       25   4
   233 47 221       25   4
   232 47 220       25   4


#Segment 26 (Axon 5)
#count= 16
   298 84 190       26   5
   299 83 189       26   5
   299 82 188       26   5
   299 81 187       26   5
   299 80 187       26   5
   299 79 186       26   5
   299 78 185       26   5
   299 77 184       26   5
   300 76 184       26   5
   300 75 183       26   5
   300 74 182       26   5
   300 73 181       26   5
   300 72 180       26   5
   300 71 179       26   5
   300 70 178       26   5
   300 69 177       26   5

#Segment 27 (Axon 5)
#count= 254
   300 69 177       27   5
   300 70 177       27   5
   300 71 177       27   5
   300 72 177       27   5
   299 73 177       27   5
   298 73 176       27   5
   298 73 175       27   5
   297 72 174       27   5
   296 72 173       27   5
   295 72 172       27   5
   294 72 171       27   5
   293 73 170       27   5
   292 74 170       27   5
   291 74 169       27   5
   291 75 168       27   5
   290 75 167       27   5
   290 76 166       27   5
   289 76 165       27   5
   288 77 164       27   5
   287 78 163       27   5
   287 79 163       27   5
   287 80 162       27   5
   287 81 162       27   5
   287 82 161       27   5
   287 83 161       27   5
   287 84 161       27   5
   286 85 160       27   5
   286 86 160       27   5
   286 87 159       27   5
   285 88 158       27   5
   285 89 158       27   5
   285 90 157       27   5
   284 91 156       27   5
   284 92 156       27   5
   284 93 155       27   5
   283 94 154       27   5
   282 95 153       27   5
   281 96 153       27   5
   280 96 152       27   5
   280 97 152       27   5
   279 98 151       27   5
   278 99 150       27   5
   277 100 149       27   5
   276 100 148       27   5
   275 100 147       27   5
   274 100 146       27   5
   273 100 146       27   5
   272 100 146       27   5
   271 99 146       27   5
   270 99 146       27   5
   269 99 146       27   5
   268 99 145       27   5
   267 98 145       27   5
   266 98 145       27   5
   265 97 145       27   5
   264 98 144       27   5
   263 98 143       27   5
   262 98 142       27   5
   261 98 142       27   5
   260 98 142       27   5
   259 98 142       27   5
   258 98 142       27   5
   257 98 142       27   5
   256 98 141       27   5
   255 98 141       27   5
   254 98 141       27   5
   253 98 141       27   5
   252 98 140       27   5
   251 98 140       27   5
   250 98 139       27   5
   249 99 138       27   5
   248 99 138       27   5
   247 99 137       27   5
   246 100 136       27   5
   245 100 136       27   5
   244 100 135       27   5
   243 101 134       27   5
   242 101 134       27   5
   241 101 133       27   5
   240 102 132       27   5
   240 102 131       27   5
   239 102 130       27   5
   238 103 129       27   5
   237 103 129       27   5
   236 103 128       27   5
   235 104 127       27   5
   234 104 126       27   5
   233 104 125       27   5
   232 105 124       27   5
   231 105 123       27   5
   230 105 122       27   5
   229 106 121       27   5
   228 106 120       27   5
   227 106 119       27   5
   226 107 118       27   5
   225 108 117       27   5
   224 108 116       27   5
   223 109 115       27   5
   222 110 115       27   5
   221 110 114       27   5
   220 111 113       27   5
   219 111 113       27   5
   218 111 112       27   5
   217 112 111       27   5
   217 113 110       27   5
   216 113 109       27   5
   215 114 108       27   5
   215 115 107       27   5
   214 115 106       27   5
   213 116 105       27   5
   213 117 104       27   5
   212 117 103       27   5
   211 118 102       27   5
   210 119 101       27   5
   209 120 100       27   5
   208 121 100       27   5
   207 121 99       27   5
   207 122 99       27   5
   206 123 98       27   5
   205 124 98       27   5
   204 124 97       27   5
   204 125 97       27   5
   203 126 96       27   5
   202 127 96       27   5
   201 127 95       27   5
   201 128 95       27   5
   200 129 94       27   5
   199 130 94       27   5
   198 130 93       27   5
   197 131 92       27   5
   196 131 92       27   5
   195 131 91       27   5
   194 132 90       27   5
   193 133 90       27   5
   192 133 89       27   5
   191 133 89       27   5
   190 133 89       27   5
   189 133 88       27   5
   188 133 88       27   5
   187 133 88       27   5
   186 133 87       27   5
   185 133 87       27   5
   184 133 87       27   5
   183 133 87       27   5
   182 134 87       27   5
   181 134 87       27   5
   180 134 86       27   5
   179 134 86       27   5
   178 134 86       27   5
   177 134 85       27   5
   176 134 85       27   5
   175 134 85       27   5
   174 134 84       27   5
   173 134 84       27   5
   172 134 84       27   5
   171 134 84       27   5
   170 134 84       27   5
   169 134 84       27   5
   168 134 83       27   5
   167 134 83       27   5
   166 134 83       27   5
   165 133 82       27   5
   164 134 82       27   5
   163 134 82       27   5
   162 134 81       27   5
   161 135 81       27   5
   160 135 81       27   5
   159 135 80       27   5
   158 136 80       27   5
   157 136 80       27   5
   156 136 79       27   5
   155 137 79       27   5
   154 137 79       27   5
   153 137 78       27   5
   152 138 78       27   5
   151 138 78       27   5
   150 138 77       27   5
   149 139 77       27   5
   148 139 77       27   5
   147 139 77       27   5
   146 140 76       27   5
   145 140 76       27   5
   144 140 75       27   5
   143 140 75       27   5
   142 140 75       27   5
   141 140 74       27   5
   140 140 74       27   5
   139 140 74       27   5
   138 140 73       27   5
   137 141 73       27   5
   136 141 72       27   5
   135 141 72       27   5
   134 141 71       27   5
   133 142 70       27   5
   132 143 70       27   5
   131 143 69       27   5
   130 144 68       27   5
   129 145 68       27   5
   128 145 67       27   5
   127 146 66       27   5
   126 147 66       27   5
   125 147 65       27   5
   124 148 64       27   5
   123 149 64       27   5
   122 149 63       27   5
   122 150 63       27   5
   121 151 63       27   5
   120 152 63       27   5
   119 152 62       27   5
   118 153 61       27   5
   117 153 61       27   5
   116 153 60       27   5
   116 154 60       27   5
   115 155 59       27   5
   114 156 58       27   5
   114 157 58       27   5
   113 158 57       27   5
   113 159 56       27   5
   112 159 55       27   5
   112 160 55       27   5
   111 161 54       27   5
   110 162 53       27   5
   110 163 53       27   5
   110 164 52       27   5
   110 165 52       27   5
   109 166 51       27   5
   109 167 51       27   5
   108 168 50       27   5
   107 169 50       27   5
   106 170 49       27   5
   105 171 48       27   5
   104 172 48       27   5
   103 172 47       27   5
   102 173 46       27   5
   101 174 46       27   5
   100 174 45       27   5
   99 175 44       27   5
   98 175 44       27   5
   97 175 43       27   5
   96 176 42       27   5
   95 177 41       27   5
   94 177 40       27   5
   93 177 40       27   5
   92 177 40       27   5
   91 177 40       27   5
   90 177 39       27   5
   89 177 39       27   5
   88 177 38       27   5
   87 177 38       27   5
   86 177 38       27   5
   85 177 38       27   5
   84 177 38       27   5
   83 177 38       27   5
   82 176 38       27   5

#Segment 28 (Axon 5)
#count= 75
   300 69 177       28   5
   299 68 177       28   5
   298 67 177       28   5
   297 66 176       28   5
   297 65 176       28   5
   297 64 176       28   5
   296 63 175       28   5
   296 62 174       28   5
   296 61 174       28   5
   295 60 173       28   5
   296 59 173       28   5
   296 58 172       28   5
   297 57 172       28   5
   297 56 171       28   5
   298 55 170       28   5
   298 54 170       28   5
   298 53 169       28   5
   299 52 168       28   5
   299 51 168       28   5
   299 50 167       28   5
   300 49 167       28   5
   301 48 167       28   5
   301 47 166       28   5
   302 46 166       28   5
   302 45 166       28   5
   302 44 165       28   5
   303 43 164       28   5
   303 42 164       28   5
   303 41 163       28   5
   304 40 162       28   5
   304 39 161       28   5
   304 38 160       28   5
   304 38 159       28   5
   304 37 158       28   5
   304 37 157       28   5
   304 37 156       28   5
   303 36 155       28   5
   303 36 154       28   5
   303 36 153       28   5
   303 36 152       28   5
   303 37 151       28   5
   303 37 150       28   5
   302 37 149       28   5
   302 38 148       28   5
   302 38 147       28   5
   301 38 146       28   5
   301 39 145       28   5
   301 39 144       28   5
   300 39 143       28   5
   300 40 142       28   5
   300 40 141       28   5
   300 40 140       28   5
   301 41 139       28   5
   301 41 138       28   5
   301 41 137       28   5
   302 42 136       28   5
   302 42 135       28   5
   302 42 134       28   5
   303 43 133       28   5
   303 43 132       28   5
   303 43 131       28   5
   303 44 130       28   5
   303 44 129       28   5
   302 44 128       28   5
   302 45 127       28   5
   302 46 126       28   5
   302 46 125       28   5
   302 47 124       28   5
   302 48 123       28   5
   302 48 122       28   5
   301 49 121       28   5
   300 49 120       28   5
   300 49 119       28   5
   300 49 118       28   5
   300 49 117       28   5

#Segment 29 (Axon 5)
#count= 34
   300 49 117       29   5
   299 49 117       29   5
   298 48 117       29   5
   299 48 118       29   5
   299 48 119       29   5
   300 47 120       29   5
   301 47 121       29   5
   301 46 122       29   5
   302 45 123       29   5
   303 45 124       29   5
   303 45 125       29   5
   303 44 126       29   5
   304 44 127       29   5
   304 44 128       29   5
   304 43 129       29   5
   305 43 130       29   5
   305 43 131       29   5
   305 42 132       29   5
   305 42 133       29   5
   304 42 134       29   5
   303 42 135       29   5
   304 42 136       29   5
   304 42 137       29   5
   304 42 138       29   5
   305 43 139       29   5
   305 43 140       29   5
   305 43 141       29   5
   306 44 142       29   5
   306 44 143       29   5
   306 44 144       29   5
   307 45 145       29   5
   307 45 146       29   5
   308 46 147       29   5
   309 47 148       29   5

#Segment 30 (Axon 5)
#count= 80
   300 49 117       30   5
   300 49 116       30   5
   300 49 115       30   5
   299 48 114       30   5
   299 48 113       30   5
   299 48 112       30   5
   298 48 111       30   5
   298 48 110       30   5
   298 48 109       30   5
   298 48 108       30   5
   298 48 107       30   5
   298 48 106       30   5
   298 48 105       30   5
   298 48 104       30   5
   298 48 103       30   5
   297 47 102       30   5
   297 47 101       30   5
   297 47 100       30   5
   297 47 99       30   5
   297 47 98       30   5
   297 47 97       30   5
   297 47 96       30   5
   297 47 95       30   5
   297 47 94       30   5
   297 47 93       30   5
   297 48 92       30   5
   297 48 91       30   5
   296 48 90       30   5
   297 49 89       30   5
   297 49 88       30   5
   297 49 87       30   5
   298 50 86       30   5
   298 51 85       30   5
   298 51 84       30   5
   298 52 84       30   5
   298 53 83       30   5
   298 54 82       30   5
   298 55 81       30   5
   298 56 81       30   5
   298 57 80       30   5
   298 58 79       30   5
   298 58 78       30   5
   298 59 78       30   5
   298 60 77       30   5
   298 61 76       30   5
   298 61 75       30   5
   299 62 75       30   5
   299 63 74       30   5
   299 64 73       30   5
   299 64 72       30   5
   299 65 71       30   5
   299 66 70       30   5
   298 66 69       30   5
   298 67 68       30   5
   298 68 67       30   5
   297 68 66       30   5
   297 69 65       30   5
   297 70 64       30   5
   296 70 63       30   5
   296 71 62       30   5
   296 72 61       30   5
   295 72 60       30   5
   296 73 59       30   5
   296 74 58       30   5
   296 74 57       30   5
   295 75 56       30   5
   295 76 55       30   5
   294 76 54       30   5
   294 77 53       30   5
   294 78 52       30   5
   294 78 51       30   5
   294 79 50       30   5
   294 79 49       30   5
   293 79 48       30   5
   294 79 47       30   5
   294 79 46       30   5
   294 79 45       30   5
   294 79 44       30   5
   294 79 43       30   5
   294 79 42       30   5
