-2,-2
2,2
-2.000000,-2.000000
-0.074286
-1.000000,-2.000000
0.011429
0.000000,-2.000000
0.040000
1.000000,-2.000000
0.011429
2.000000,-2.000000
-0.074286
-2.000000,-1.000000
0.011429
-1.000000,-1.000000
0.097143
0.000000,-1.000000
0.125714
1.000000,-1.000000
0.097143
2.000000,-1.000000
0.011429
-2.000000,0.000000
0.040000
-1.000000,0.000000
0.125714
0.000000,0.000000
0.154286
1.000000,0.000000
0.125714
2.000000,0.000000
0.040000
-2.000000,1.000000
0.011429
-1.000000,1.000000
0.097143
0.000000,1.000000
0.125714
1.000000,1.000000
0.097143
2.000000,1.000000
0.011429
-2.000000,2.000000
-0.074286
-1.000000,2.000000
0.011429
0.000000,2.000000
0.040000
1.000000,2.000000
0.011429
2.000000,2.000000
-0.074286
