-2,-2
2,2
-2.000000,-2.000000
-0.040000
-1.000000,-2.000000
-0.020000
0.000000,-2.000000
0.000000
1.000000,-2.000000
0.020000
2.000000,-2.000000
0.040000
-2.000000,-1.000000
-0.040000
-1.000000,-1.000000
-0.020000
0.000000,-1.000000
0.000000
1.000000,-1.000000
0.020000
2.000000,-1.000000
0.040000
-2.000000,0.000000
-0.040000
-1.000000,0.000000
-0.020000
0.000000,0.000000
0.000000
1.000000,0.000000
0.020000
2.000000,0.000000
0.040000
-2.000000,1.000000
-0.040000
-1.000000,1.000000
-0.020000
0.000000,1.000000
0.000000
1.000000,1.000000
0.020000
2.000000,1.000000
0.040000
-2.000000,2.000000
-0.040000
-1.000000,2.000000
-0.020000
0.000000,2.000000
0.000000
1.000000,2.000000
0.020000
2.000000,2.000000
0.040000
