-2,-2
2,2
-2.000000,-2.000000
0.057143
-1.000000,-2.000000
0.057143
0.000000,-2.000000
0.057143
1.000000,-2.000000
0.057143
2.000000,-2.000000
0.057143
-2.000000,-1.000000
-0.028571
-1.000000,-1.000000
-0.028571
0.000000,-1.000000
-0.028571
1.000000,-1.000000
-0.028571
2.000000,-1.000000
-0.028571
-2.000000,0.000000
-0.057143
-1.000000,0.000000
-0.057143
0.000000,0.000000
-0.057143
1.000000,0.000000
-0.057143
2.000000,0.000000
-0.057143
-2.000000,1.000000
-0.028571
-1.000000,1.000000
-0.028571
0.000000,1.000000
-0.028571
1.000000,1.000000
-0.028571
2.000000,1.000000
-0.028571
-2.000000,2.000000
0.057143
-1.000000,2.000000
0.057143
0.000000,2.000000
0.057143
1.000000,2.000000
0.057143
2.000000,2.000000
0.057143
