-2,-2,-2
2,2,2
-2.000000,-2.000000,-2.000000
-0.013537
-1.000000,-2.000000,-2.000000
-0.004709
0.000000,-2.000000,-2.000000
-0.001766
1.000000,-2.000000,-2.000000
-0.004709
2.000000,-2.000000,-2.000000
-0.013537
-2.000000,-1.000000,-2.000000
-0.004709
-1.000000,-1.000000,-2.000000
0.004120
0.000000,-1.000000,-2.000000
0.007063
1.000000,-1.000000,-2.000000
0.004120
2.000000,-1.000000,-2.000000
-0.004709
-2.000000,0.000000,-2.000000
-0.001766
-1.000000,0.000000,-2.000000
0.007063
0.000000,0.000000,-2.000000
0.010006
1.000000,0.000000,-2.000000
0.007063
2.000000,0.000000,-2.000000
-0.001766
-2.000000,1.000000,-2.000000
-0.004709
-1.000000,1.000000,-2.000000
0.004120
0.000000,1.000000,-2.000000
0.007063
1.000000,1.000000,-2.000000
0.004120
2.000000,1.000000,-2.000000
-0.004709
-2.000000,2.000000,-2.000000
-0.013537
-1.000000,2.000000,-2.000000
-0.004709
0.000000,2.000000,-2.000000
-0.001766
1.000000,2.000000,-2.000000
-0.004709
2.000000,2.000000,-2.000000
-0.013537
-2.000000,-2.000000,-1.000000
-0.004709
-1.000000,-2.000000,-1.000000
0.004120
0.000000,-2.000000,-1.000000
0.007063
1.000000,-2.000000,-1.000000
0.004120
2.000000,-2.000000,-1.000000
-0.004709
-2.000000,-1.000000,-1.000000
0.004120
-1.000000,-1.000000,-1.000000
0.012949
0.000000,-1.000000,-1.000000
0.015892
1.000000,-1.000000,-1.000000
0.012949
2.000000,-1.000000,-1.000000
0.004120
-2.000000,0.000000,-1.000000
0.007063
-1.000000,0.000000,-1.000000
0.015892
0.000000,0.000000,-1.000000
0.018835
1.000000,0.000000,-1.000000
0.015892
2.000000,0.000000,-1.000000
0.007063
-2.000000,1.000000,-1.000000
0.004120
-1.000000,1.000000,-1.000000
0.012949
0.000000,1.000000,-1.000000
0.015892
1.000000,1.000000,-1.000000
0.012949
2.000000,1.000000,-1.000000
0.004120
-2.000000,2.000000,-1.000000
-0.004709
-1.000000,2.000000,-1.000000
0.004120
0.000000,2.000000,-1.000000
0.007063
1.000000,2.000000,-1.000000
0.004120
2.000000,2.000000,-1.000000
-0.004709
-2.000000,-2.000000,0.000000
-0.001766
-1.000000,-2.000000,0.000000
0.007063
0.000000,-2.000000,0.000000
0.010006
1.000000,-2.000000,0.000000
0.007063
2.000000,-2.000000,0.000000
-0.001766
-2.000000,-1.000000,0.000000
0.007063
-1.000000,-1.000000,0.000000
0.015892
0.000000,-1.000000,0.000000
0.018835
1.000000,-1.000000,0.000000
0.015892
2.000000,-1.000000,0.000000
0.007063
-2.000000,0.000000,0.000000
0.010006
-1.000000,0.000000,0.000000
0.018835
0.000000,0.000000,0.000000
0.021778
1.000000,0.000000,0.000000
0.018835
2.000000,0.000000,0.000000
0.010006
-2.000000,1.000000,0.000000
0.007063
-1.000000,1.000000,0.000000
0.015892
0.000000,1.000000,0.000000
0.018835
1.000000,1.000000,0.000000
0.015892
2.000000,1.000000,0.000000
0.007063
-2.000000,2.000000,0.000000
-0.001766
-1.000000,2.000000,0.000000
0.007063
0.000000,2.000000,0.000000
0.010006
1.000000,2.000000,0.000000
0.007063
2.000000,2.000000,0.000000
-0.001766
-2.000000,-2.000000,1.000000
-0.004709
-1.000000,-2.000000,1.000000
0.004120
0.000000,-2.000000,1.000000
0.007063
1.000000,-2.000000,1.000000
0.004120
2.000000,-2.000000,1.000000
-0.004709
-2.000000,-1.000000,1.000000
0.004120
-1.000000,-1.000000,1.000000
0.012949
0.000000,-1.000000,1.000000
0.015892
1.000000,-1.000000,1.000000
0.012949
2.000000,-1.000000,1.000000
0.004120
-2.000000,0.000000,1.000000
0.007063
-1.000000,0.000000,1.000000
0.015892
0.000000,0.000000,1.000000
0.018835
1.000000,0.000000,1.000000
0.015892
2.000000,0.000000,1.000000
0.007063
-2.000000,1.000000,1.000000
0.004120
-1.000000,1.000000,1.000000
0.012949
0.000000,1.000000,1.000000
0.015892
1.000000,1.000000,1.000000
0.012949
2.000000,1.000000,1.000000
0.004120
-2.000000,2.000000,1.000000
-0.004709
-1.000000,2.000000,1.000000
0.004120
0.000000,2.000000,1.000000
0.007063
1.000000,2.000000,1.000000
0.004120
2.000000,2.000000,1.000000
-0.004709
-2.000000,-2.000000,2.000000
-0.013537
-1.000000,-2.000000,2.000000
-0.004709
0.000000,-2.000000,2.000000
-0.001766
1.000000,-2.000000,2.000000
-0.004709
2.000000,-2.000000,2.000000
-0.013537
-2.000000,-1.000000,2.000000
-0.004709
-1.000000,-1.000000,2.000000
0.004120
0.000000,-1.000000,2.000000
0.007063
1.000000,-1.000000,2.000000
0.004120
2.000000,-1.000000,2.000000
-0.004709
-2.000000,0.000000,2.000000
-0.001766
-1.000000,0.000000,2.000000
0.007063
0.000000,0.000000,2.000000
0.010006
1.000000,0.000000,2.000000
0.007063
2.000000,0.000000,2.000000
-0.001766
-2.000000,1.000000,2.000000
-0.004709
-1.000000,1.000000,2.000000
0.004120
0.000000,1.000000,2.000000
0.007063
1.000000,1.000000,2.000000
0.004120
2.000000,1.000000,2.000000
-0.004709
-2.000000,2.000000,2.000000
-0.013537
-1.000000,2.000000,2.000000
-0.004709
0.000000,2.000000,2.000000
-0.001766
1.000000,2.000000,2.000000
-0.004709
2.000000,2.000000,2.000000
-0.013537
