-2,-2,-2
2,2,2
-2.000000,-2.000000,-2.000000
-0.013333
-1.000000,-2.000000,-2.000000
-0.013333
0.000000,-2.000000,-2.000000
-0.013333
1.000000,-2.000000,-2.000000
-0.013333
2.000000,-2.000000,-2.000000
-0.013333
-2.000000,-1.000000,-2.000000
-0.006667
-1.000000,-1.000000,-2.000000
-0.006667
0.000000,-1.000000,-2.000000
-0.006667
1.000000,-1.000000,-2.000000
-0.006667
2.000000,-1.000000,-2.000000
-0.006667
-2.000000,0.000000,-2.000000
0.000000
-1.000000,0.000000,-2.000000
0.000000
0.000000,0.000000,-2.000000
0.000000
1.000000,0.000000,-2.000000
0.000000
2.000000,0.000000,-2.000000
0.000000
-2.000000,1.000000,-2.000000
0.006667
-1.000000,1.000000,-2.000000
0.006667
0.000000,1.000000,-2.000000
0.006667
1.000000,1.000000,-2.000000
0.006667
2.000000,1.000000,-2.000000
0.006667
-2.000000,2.000000,-2.000000
0.013333
-1.000000,2.000000,-2.000000
0.013333
0.000000,2.000000,-2.000000
0.013333
1.000000,2.000000,-2.000000
0.013333
2.000000,2.000000,-2.000000
0.013333
-2.000000,-2.000000,-1.000000
-0.013333
-1.000000,-2.000000,-1.000000
-0.013333
0.000000,-2.000000,-1.000000
-0.013333
1.000000,-2.000000,-1.000000
-0.013333
2.000000,-2.000000,-1.000000
-0.013333
-2.000000,-1.000000,-1.000000
-0.006667
-1.000000,-1.000000,-1.000000
-0.006667
0.000000,-1.000000,-1.000000
-0.006667
1.000000,-1.000000,-1.000000
-0.006667
2.000000,-1.000000,-1.000000
-0.006667
-2.000000,0.000000,-1.000000
0.000000
-1.000000,0.000000,-1.000000
0.000000
0.000000,0.000000,-1.000000
0.000000
1.000000,0.000000,-1.000000
0.000000
2.000000,0.000000,-1.000000
0.000000
-2.000000,1.000000,-1.000000
0.006667
-1.000000,1.000000,-1.000000
0.006667
0.000000,1.000000,-1.000000
0.006667
1.000000,1.000000,-1.000000
0.006667
2.000000,1.000000,-1.000000
0.006667
-2.000000,2.000000,-1.000000
0.013333
-1.000000,2.000000,-1.000000
0.013333
0.000000,2.000000,-1.000000
0.013333
1.000000,2.000000,-1.000000
0.013333
2.000000,2.000000,-1.000000
0.013333
-2.000000,-2.000000,0.000000
-0.013333
-1.000000,-2.000000,0.000000
-0.013333
0.000000,-2.000000,0.000000
-0.013333
1.000000,-2.000000,0.000000
-0.013333
2.000000,-2.000000,0.000000
-0.013333
-2.000000,-1.000000,0.000000
-0.006667
-1.000000,-1.000000,0.000000
-0.006667
0.000000,-1.000000,0.000000
-0.006667
1.000000,-1.000000,0.000000
-0.006667
2.000000,-1.000000,0.000000
-0.006667
-2.000000,0.000000,0.000000
0.000000
-1.000000,0.000000,0.000000
0.000000
0.000000,0.000000,0.000000
0.000000
1.000000,0.000000,0.000000
0.000000
2.000000,0.000000,0.000000
0.000000
-2.000000,1.000000,0.000000
0.006667
-1.000000,1.000000,0.000000
0.006667
0.000000,1.000000,0.000000
0.006667
1.000000,1.000000,0.000000
0.006667
2.000000,1.000000,0.000000
0.006667
-2.000000,2.000000,0.000000
0.013333
-1.000000,2.000000,0.000000
0.013333
0.000000,2.000000,0.000000
0.013333
1.000000,2.000000,0.000000
0.013333
2.000000,2.000000,0.000000
0.013333
-2.000000,-2.000000,1.000000
-0.013333
-1.000000,-2.000000,1.000000
-0.013333
0.000000,-2.000000,1.000000
-0.013333
1.000000,-2.000000,1.000000
-0.013333
2.000000,-2.000000,1.000000
-0.013333
-2.000000,-1.000000,1.000000
-0.006667
-1.000000,-1.000000,1.000000
-0.006667
0.000000,-1.000000,1.000000
-0.006667
1.000000,-1.000000,1.000000
-0.006667
2.000000,-1.000000,1.000000
-0.006667
-2.000000,0.000000,1.000000
0.000000
-1.000000,0.000000,1.000000
0.000000
0.000000,0.000000,1.000000
0.000000
1.000000,0.000000,1.000000
0.000000
2.000000,0.000000,1.000000
0.000000
-2.000000,1.000000,1.000000
0.006667
-1.000000,1.000000,1.000000
0.006667
0.000000,1.000000,1.000000
0.006667
1.000000,1.000000,1.000000
0.006667
2.000000,1.000000,1.000000
0.006667
-2.000000,2.000000,1.000000
0.013333
-1.000000,2.000000,1.000000
0.013333
0.000000,2.000000,1.000000
0.013333
1.000000,2.000000,1.000000
0.013333
2.000000,2.000000,1.000000
0.013333
-2.000000,-2.000000,2.000000
-0.013333
-1.000000,-2.000000,2.000000
-0.013333
0.000000,-2.000000,2.000000
-0.013333
1.000000,-2.000000,2.000000
-0.013333
2.000000,-2.000000,2.000000
-0.013333
-2.000000,-1.000000,2.000000
-0.006667
-1.000000,-1.000000,2.000000
-0.006667
0.000000,-1.000000,2.000000
-0.006667
1.000000,-1.000000,2.000000
-0.006667
2.000000,-1.000000,2.000000
-0.006667
-2.000000,0.000000,2.000000
0.000000
-1.000000,0.000000,2.000000
0.000000
0.000000,0.000000,2.000000
0.000000
1.000000,0.000000,2.000000
0.000000
2.000000,0.000000,2.000000
0.000000
-2.000000,1.000000,2.000000
0.006667
-1.000000,1.000000,2.000000
0.006667
0.000000,1.000000,2.000000
0.006667
1.000000,1.000000,2.000000
0.006667
2.000000,1.000000,2.000000
0.006667
-2.000000,2.000000,2.000000
0.013333
-1.000000,2.000000,2.000000
0.013333
0.000000,2.000000,2.000000
0.013333
1.000000,2.000000,2.000000
0.013333
2.000000,2.000000,2.000000
0.013333
