-2,-2,-2
2,2,2
-2.000000,-2.000000,-2.000000
0.010000
-1.000000,-2.000000,-2.000000
0.010000
0.000000,-2.000000,-2.000000
0.010000
1.000000,-2.000000,-2.000000
0.010000
2.000000,-2.000000,-2.000000
0.010000
-2.000000,-1.000000,-2.000000
-0.005000
-1.000000,-1.000000,-2.000000
-0.005000
0.000000,-1.000000,-2.000000
-0.005000
1.000000,-1.000000,-2.000000
-0.005000
2.000000,-1.000000,-2.000000
-0.005000
-2.000000,0.000000,-2.000000
-0.010000
-1.000000,0.000000,-2.000000
-0.010000
0.000000,0.000000,-2.000000
-0.010000
1.000000,0.000000,-2.000000
-0.010000
2.000000,0.000000,-2.000000
-0.010000
-2.000000,1.000000,-2.000000
-0.005000
-1.000000,1.000000,-2.000000
-0.005000
0.000000,1.000000,-2.000000
-0.005000
1.000000,1.000000,-2.000000
-0.005000
2.000000,1.000000,-2.000000
-0.005000
-2.000000,2.000000,-2.000000
0.010000
-1.000000,2.000000,-2.000000
0.010000
0.000000,2.000000,-2.000000
0.010000
1.000000,2.000000,-2.000000
0.010000
2.000000,2.000000,-2.000000
0.010000
-2.000000,-2.000000,-1.000000
0.010000
-1.000000,-2.000000,-1.000000
0.010000
0.000000,-2.000000,-1.000000
0.010000
1.000000,-2.000000,-1.000000
0.010000
2.000000,-2.000000,-1.000000
0.010000
-2.000000,-1.000000,-1.000000
-0.005000
-1.000000,-1.000000,-1.000000
-0.005000
0.000000,-1.000000,-1.000000
-0.005000
1.000000,-1.000000,-1.000000
-0.005000
2.000000,-1.000000,-1.000000
-0.005000
-2.000000,0.000000,-1.000000
-0.010000
-1.000000,0.000000,-1.000000
-0.010000
0.000000,0.000000,-1.000000
-0.010000
1.000000,0.000000,-1.000000
-0.010000
2.000000,0.000000,-1.000000
-0.010000
-2.000000,1.000000,-1.000000
-0.005000
-1.000000,1.000000,-1.000000
-0.005000
0.000000,1.000000,-1.000000
-0.005000
1.000000,1.000000,-1.000000
-0.005000
2.000000,1.000000,-1.000000
-0.005000
-2.000000,2.000000,-1.000000
0.010000
-1.000000,2.000000,-1.000000
0.010000
0.000000,2.000000,-1.000000
0.010000
1.000000,2.000000,-1.000000
0.010000
2.000000,2.000000,-1.000000
0.010000
-2.000000,-2.000000,0.000000
0.010000
-1.000000,-2.000000,0.000000
0.010000
0.000000,-2.000000,0.000000
0.010000
1.000000,-2.000000,0.000000
0.010000
2.000000,-2.000000,0.000000
0.010000
-2.000000,-1.000000,0.000000
-0.005000
-1.000000,-1.000000,0.000000
-0.005000
0.000000,-1.000000,0.000000
-0.005000
1.000000,-1.000000,0.000000
-0.005000
2.000000,-1.000000,0.000000
-0.005000
-2.000000,0.000000,0.000000
-0.010000
-1.000000,0.000000,0.000000
-0.010000
0.000000,0.000000,0.000000
-0.010000
1.000000,0.000000,0.000000
-0.010000
2.000000,0.000000,0.000000
-0.010000
-2.000000,1.000000,0.000000
-0.005000
-1.000000,1.000000,0.000000
-0.005000
0.000000,1.000000,0.000000
-0.005000
1.000000,1.000000,0.000000
-0.005000
2.000000,1.000000,0.000000
-0.005000
-2.000000,2.000000,0.000000
0.010000
-1.000000,2.000000,0.000000
0.010000
0.000000,2.000000,0.000000
0.010000
1.000000,2.000000,0.000000
0.010000
2.000000,2.000000,0.000000
0.010000
-2.000000,-2.000000,1.000000
0.010000
-1.000000,-2.000000,1.000000
0.010000
0.000000,-2.000000,1.000000
0.010000
1.000000,-2.000000,1.000000
0.010000
2.000000,-2.000000,1.000000
0.010000
-2.000000,-1.000000,1.000000
-0.005000
-1.000000,-1.000000,1.000000
-0.005000
0.000000,-1.000000,1.000000
-0.005000
1.000000,-1.000000,1.000000
-0.005000
2.000000,-1.000000,1.000000
-0.005000
-2.000000,0.000000,1.000000
-0.010000
-1.000000,0.000000,1.000000
-0.010000
0.000000,0.000000,1.000000
-0.010000
1.000000,0.000000,1.000000
-0.010000
2.000000,0.000000,1.000000
-0.010000
-2.000000,1.000000,1.000000
-0.005000
-1.000000,1.000000,1.000000
-0.005000
0.000000,1.000000,1.000000
-0.005000
1.000000,1.000000,1.000000
-0.005000
2.000000,1.000000,1.000000
-0.005000
-2.000000,2.000000,1.000000
0.010000
-1.000000,2.000000,1.000000
0.010000
0.000000,2.000000,1.000000
0.010000
1.000000,2.000000,1.000000
0.010000
2.000000,2.000000,1.000000
0.010000
-2.000000,-2.000000,2.000000
0.010000
-1.000000,-2.000000,2.000000
0.010000
0.000000,-2.000000,2.000000
0.010000
1.000000,-2.000000,2.000000
0.010000
2.000000,-2.000000,2.000000
0.010000
-2.000000,-1.000000,2.000000
-0.005000
-1.000000,-1.000000,2.000000
-0.005000
0.000000,-1.000000,2.000000
-0.005000
1.000000,-1.000000,2.000000
-0.005000
2.000000,-1.000000,2.000000
-0.005000
-2.000000,0.000000,2.000000
-0.010000
-1.000000,0.000000,2.000000
-0.010000
0.000000,0.000000,2.000000
-0.010000
1.000000,0.000000,2.000000
-0.010000
2.000000,0.000000,2.000000
-0.010000
-2.000000,1.000000,2.000000
-0.005000
-1.000000,1.000000,2.000000
-0.005000
0.000000,1.000000,2.000000
-0.005000
1.000000,1.000000,2.000000
-0.005000
2.000000,1.000000,2.000000
-0.005000
-2.000000,2.000000,2.000000
0.010000
-1.000000,2.000000,2.000000
0.010000
0.000000,2.000000,2.000000
0.010000
1.000000,2.000000,2.000000
0.010000
2.000000,2.000000,2.000000
0.010000
