-2,-2,-2
2,2,2
-2.000000,-2.000000,-2.000000
0.022222
-1.000000,-2.000000,-2.000000
0.022222
0.000000,-2.000000,-2.000000
0.022222
1.000000,-2.000000,-2.000000
0.022222
2.000000,-2.000000,-2.000000
0.022222
-2.000000,-1.000000,-2.000000
0.011111
-1.000000,-1.000000,-2.000000
0.011111
0.000000,-1.000000,-2.000000
0.011111
1.000000,-1.000000,-2.000000
0.011111
2.000000,-1.000000,-2.000000
0.011111
-2.000000,0.000000,-2.000000
-0.000000
-1.000000,0.000000,-2.000000
-0.000000
0.000000,0.000000,-2.000000
-0.000000
1.000000,0.000000,-2.000000
-0.000000
2.000000,0.000000,-2.000000
-0.000000
-2.000000,1.000000,-2.000000
-0.011111
-1.000000,1.000000,-2.000000
-0.011111
0.000000,1.000000,-2.000000
-0.011111
1.000000,1.000000,-2.000000
-0.011111
2.000000,1.000000,-2.000000
-0.011111
-2.000000,2.000000,-2.000000
-0.022222
-1.000000,2.000000,-2.000000
-0.022222
0.000000,2.000000,-2.000000
-0.022222
1.000000,2.000000,-2.000000
-0.022222
2.000000,2.000000,-2.000000
-0.022222
-2.000000,-2.000000,-1.000000
0.011111
-1.000000,-2.000000,-1.000000
0.011111
0.000000,-2.000000,-1.000000
0.011111
1.000000,-2.000000,-1.000000
0.011111
2.000000,-2.000000,-1.000000
0.011111
-2.000000,-1.000000,-1.000000
0.005556
-1.000000,-1.000000,-1.000000
0.005556
0.000000,-1.000000,-1.000000
0.005556
1.000000,-1.000000,-1.000000
0.005556
2.000000,-1.000000,-1.000000
0.005556
-2.000000,0.000000,-1.000000
-0.000000
-1.000000,0.000000,-1.000000
-0.000000
0.000000,0.000000,-1.000000
-0.000000
1.000000,0.000000,-1.000000
-0.000000
2.000000,0.000000,-1.000000
-0.000000
-2.000000,1.000000,-1.000000
-0.005556
-1.000000,1.000000,-1.000000
-0.005556
0.000000,1.000000,-1.000000
-0.005556
1.000000,1.000000,-1.000000
-0.005556
2.000000,1.000000,-1.000000
-0.005556
-2.000000,2.000000,-1.000000
-0.011111
-1.000000,2.000000,-1.000000
-0.011111
0.000000,2.000000,-1.000000
-0.011111
1.000000,2.000000,-1.000000
-0.011111
2.000000,2.000000,-1.000000
-0.011111
-2.000000,-2.000000,0.000000
-0.000000
-1.000000,-2.000000,0.000000
-0.000000
0.000000,-2.000000,0.000000
-0.000000
1.000000,-2.000000,0.000000
-0.000000
2.000000,-2.000000,0.000000
-0.000000
-2.000000,-1.000000,0.000000
-0.000000
-1.000000,-1.000000,0.000000
-0.000000
0.000000,-1.000000,0.000000
-0.000000
1.000000,-1.000000,0.000000
-0.000000
2.000000,-1.000000,0.000000
-0.000000
-2.000000,0.000000,0.000000
0.000000
-1.000000,0.000000,0.000000
0.000000
0.000000,0.000000,0.000000
0.000000
1.000000,0.000000,0.000000
0.000000
2.000000,0.000000,0.000000
0.000000
-2.000000,1.000000,0.000000
0.000000
-1.000000,1.000000,0.000000
0.000000
0.000000,1.000000,0.000000
0.000000
1.000000,1.000000,0.000000
0.000000
2.000000,1.000000,0.000000
0.000000
-2.000000,2.000000,0.000000
0.000000
-1.000000,2.000000,0.000000
0.000000
0.000000,2.000000,0.000000
0.000000
1.000000,2.000000,0.000000
0.000000
2.000000,2.000000,0.000000
0.000000
-2.000000,-2.000000,1.000000
-0.011111
-1.000000,-2.000000,1.000000
-0.011111
0.000000,-2.000000,1.000000
-0.011111
1.000000,-2.000000,1.000000
-0.011111
2.000000,-2.000000,1.000000
-0.011111
-2.000000,-1.000000,1.000000
-0.005556
-1.000000,-1.000000,1.000000
-0.005556
0.000000,-1.000000,1.000000
-0.005556
1.000000,-1.000000,1.000000
-0.005556
2.000000,-1.000000,1.000000
-0.005556
-2.000000,0.000000,1.000000
0.000000
-1.000000,0.000000,1.000000
0.000000
0.000000,0.000000,1.000000
0.000000
1.000000,0.000000,1.000000
0.000000
2.000000,0.000000,1.000000
0.000000
-2.000000,1.000000,1.000000
0.005556
-1.000000,1.000000,1.000000
0.005556
0.000000,1.000000,1.000000
0.005556
1.000000,1.000000,1.000000
0.005556
2.000000,1.000000,1.000000
0.005556
-2.000000,2.000000,1.000000
0.011111
-1.000000,2.000000,1.000000
0.011111
0.000000,2.000000,1.000000
0.011111
1.000000,2.000000,1.000000
0.011111
2.000000,2.000000,1.000000
0.011111
-2.000000,-2.000000,2.000000
-0.022222
-1.000000,-2.000000,2.000000
-0.022222
0.000000,-2.000000,2.000000
-0.022222
1.000000,-2.000000,2.000000
-0.022222
2.000000,-2.000000,2.000000
-0.022222
-2.000000,-1.000000,2.000000
-0.011111
-1.000000,-1.000000,2.000000
-0.011111
0.000000,-1.000000,2.000000
-0.011111
1.000000,-1.000000,2.000000
-0.011111
2.000000,-1.000000,2.000000
-0.011111
-2.000000,0.000000,2.000000
0.000000
-1.000000,0.000000,2.000000
0.000000
0.000000,0.000000,2.000000
0.000000
1.000000,0.000000,2.000000
0.000000
2.000000,0.000000,2.000000
0.000000
-2.000000,1.000000,2.000000
0.011111
-1.000000,1.000000,2.000000
0.011111
0.000000,1.000000,2.000000
0.011111
1.000000,1.000000,2.000000
0.011111
2.000000,1.000000,2.000000
0.011111
-2.000000,2.000000,2.000000
0.022222
-1.000000,2.000000,2.000000
0.022222
0.000000,2.000000,2.000000
0.022222
1.000000,2.000000,2.000000
0.022222
2.000000,2.000000,2.000000
0.022222
