-2,-2,-2
2,2,2
-2.000000,-2.000000,-2.000000
-0.026286
-1.000000,-2.000000,-2.000000
-0.009143
0.000000,-2.000000,-2.000000
-0.003429
1.000000,-2.000000,-2.000000
-0.009143
2.000000,-2.000000,-2.000000
-0.026286
-2.000000,-1.000000,-2.000000
-0.009143
-1.000000,-1.000000,-2.000000
0.008000
0.000000,-1.000000,-2.000000
0.013714
1.000000,-1.000000,-2.000000
0.008000
2.000000,-1.000000,-2.000000
-0.009143
-2.000000,0.000000,-2.000000
-0.003429
-1.000000,0.000000,-2.000000
0.013714
0.000000,0.000000,-2.000000
0.019429
1.000000,0.000000,-2.000000
0.013714
2.000000,0.000000,-2.000000
-0.003429
-2.000000,1.000000,-2.000000
-0.009143
-1.000000,1.000000,-2.000000
0.008000
0.000000,1.000000,-2.000000
0.013714
1.000000,1.000000,-2.000000
0.008000
2.000000,1.000000,-2.000000
-0.009143
-2.000000,2.000000,-2.000000
-0.026286
-1.000000,2.000000,-2.000000
-0.009143
0.000000,2.000000,-2.000000
-0.003429
1.000000,2.000000,-2.000000
-0.009143
2.000000,2.000000,-2.000000
-0.026286
-2.000000,-2.000000,-1.000000
-0.009143
-1.000000,-2.000000,-1.000000
0.008000
0.000000,-2.000000,-1.000000
0.013714
1.000000,-2.000000,-1.000000
0.008000
2.000000,-2.000000,-1.000000
-0.009143
-2.000000,-1.000000,-1.000000
0.008000
-1.000000,-1.000000,-1.000000
0.025143
0.000000,-1.000000,-1.000000
0.030857
1.000000,-1.000000,-1.000000
0.025143
2.000000,-1.000000,-1.000000
0.008000
-2.000000,0.000000,-1.000000
0.013714
-1.000000,0.000000,-1.000000
0.030857
0.000000,0.000000,-1.000000
0.036571
1.000000,0.000000,-1.000000
0.030857
2.000000,0.000000,-1.000000
0.013714
-2.000000,1.000000,-1.000000
0.008000
-1.000000,1.000000,-1.000000
0.025143
0.000000,1.000000,-1.000000
0.030857
1.000000,1.000000,-1.000000
0.025143
2.000000,1.000000,-1.000000
0.008000
-2.000000,2.000000,-1.000000
-0.009143
-1.000000,2.000000,-1.000000
0.008000
0.000000,2.000000,-1.000000
0.013714
1.000000,2.000000,-1.000000
0.008000
2.000000,2.000000,-1.000000
-0.009143
-2.000000,-2.000000,0.000000
-0.003429
-1.000000,-2.000000,0.000000
0.013714
0.000000,-2.000000,0.000000
0.019429
1.000000,-2.000000,0.000000
0.013714
2.000000,-2.000000,0.000000
-0.003429
-2.000000,-1.000000,0.000000
0.013714
-1.000000,-1.000000,0.000000
0.030857
0.000000,-1.000000,0.000000
0.036571
1.000000,-1.000000,0.000000
0.030857
2.000000,-1.000000,0.000000
0.013714
-2.000000,0.000000,0.000000
0.019429
-1.000000,0.000000,0.000000
0.036571
0.000000,0.000000,0.000000
0.042286
1.000000,0.000000,0.000000
0.036571
2.000000,0.000000,0.000000
0.019429
-2.000000,1.000000,0.000000
0.013714
-1.000000,1.000000,0.000000
0.030857
0.000000,1.000000,0.000000
0.036571
1.000000,1.000000,0.000000
0.030857
2.000000,1.000000,0.000000
0.013714
-2.000000,2.000000,0.000000
-0.003429
-1.000000,2.000000,0.000000
0.013714
0.000000,2.000000,0.000000
0.019429
1.000000,2.000000,0.000000
0.013714
2.000000,2.000000,0.000000
-0.003429
-2.000000,-2.000000,1.000000
-0.009143
-1.000000,-2.000000,1.000000
0.008000
0.000000,-2.000000,1.000000
0.013714
1.000000,-2.000000,1.000000
0.008000
2.000000,-2.000000,1.000000
-0.009143
-2.000000,-1.000000,1.000000
0.008000
-1.000000,-1.000000,1.000000
0.025143
0.000000,-1.000000,1.000000
0.030857
1.000000,-1.000000,1.000000
0.025143
2.000000,-1.000000,1.000000
0.008000
-2.000000,0.000000,1.000000
0.013714
-1.000000,0.000000,1.000000
0.030857
0.000000,0.000000,1.000000
0.036571
1.000000,0.000000,1.000000
0.030857
2.000000,0.000000,1.000000
0.013714
-2.000000,1.000000,1.000000
0.008000
-1.000000,1.000000,1.000000
0.025143
0.000000,1.000000,1.000000
0.030857
1.000000,1.000000,1.000000
0.025143
2.000000,1.000000,1.000000
0.008000
-2.000000,2.000000,1.000000
-0.009143
-1.000000,2.000000,1.000000
0.008000
0.000000,2.000000,1.000000
0.013714
1.000000,2.000000,1.000000
0.008000
2.000000,2.000000,1.000000
-0.009143
-2.000000,-2.000000,2.000000
-0.026286
-1.000000,-2.000000,2.000000
-0.009143
0.000000,-2.000000,2.000000
-0.003429
1.000000,-2.000000,2.000000
-0.009143
2.000000,-2.000000,2.000000
-0.026286
-2.000000,-1.000000,2.000000
-0.009143
-1.000000,-1.000000,2.000000
0.008000
0.000000,-1.000000,2.000000
0.013714
1.000000,-1.000000,2.000000
0.008000
2.000000,-1.000000,2.000000
-0.009143
-2.000000,0.000000,2.000000
-0.003429
-1.000000,0.000000,2.000000
0.013714
0.000000,0.000000,2.000000
0.019429
1.000000,0.000000,2.000000
0.013714
2.000000,0.000000,2.000000
-0.003429
-2.000000,1.000000,2.000000
-0.009143
-1.000000,1.000000,2.000000
0.008000
0.000000,1.000000,2.000000
0.013714
1.000000,1.000000,2.000000
0.008000
2.000000,1.000000,2.000000
-0.009143
-2.000000,2.000000,2.000000
-0.026286
-1.000000,2.000000,2.000000
-0.009143
0.000000,2.000000,2.000000
-0.003429
1.000000,2.000000,2.000000
-0.009143
2.000000,2.000000,2.000000
-0.026286
