-2,-2,-2
2,2,2
-2.000000,-2.000000,-2.000000
0.011429
-1.000000,-2.000000,-2.000000
-0.005714
0.000000,-2.000000,-2.000000
-0.011429
1.000000,-2.000000,-2.000000
-0.005714
2.000000,-2.000000,-2.000000
0.011429
-2.000000,-1.000000,-2.000000
0.011429
-1.000000,-1.000000,-2.000000
-0.005714
0.000000,-1.000000,-2.000000
-0.011429
1.000000,-1.000000,-2.000000
-0.005714
2.000000,-1.000000,-2.000000
0.011429
-2.000000,0.000000,-2.000000
0.011429
-1.000000,0.000000,-2.000000
-0.005714
0.000000,0.000000,-2.000000
-0.011429
1.000000,0.000000,-2.000000
-0.005714
2.000000,0.000000,-2.000000
0.011429
-2.000000,1.000000,-2.000000
0.011429
-1.000000,1.000000,-2.000000
-0.005714
0.000000,1.000000,-2.000000
-0.011429
1.000000,1.000000,-2.000000
-0.005714
2.000000,1.000000,-2.000000
0.011429
-2.000000,2.000000,-2.000000
0.011429
-1.000000,2.000000,-2.000000
-0.005714
0.000000,2.000000,-2.000000
-0.011429
1.000000,2.000000,-2.000000
-0.005714
2.000000,2.000000,-2.000000
0.011429
-2.000000,-2.000000,-1.000000
0.011429
-1.000000,-2.000000,-1.000000
-0.005714
0.000000,-2.000000,-1.000000
-0.011429
1.000000,-2.000000,-1.000000
-0.005714
2.000000,-2.000000,-1.000000
0.011429
-2.000000,-1.000000,-1.000000
0.011429
-1.000000,-1.000000,-1.000000
-0.005714
0.000000,-1.000000,-1.000000
-0.011429
1.000000,-1.000000,-1.000000
-0.005714
2.000000,-1.000000,-1.000000
0.011429
-2.000000,0.000000,-1.000000
0.011429
-1.000000,0.000000,-1.000000
-0.005714
0.000000,0.000000,-1.000000
-0.011429
1.000000,0.000000,-1.000000
-0.005714
2.000000,0.000000,-1.000000
0.011429
-2.000000,1.000000,-1.000000
0.011429
-1.000000,1.000000,-1.000000
-0.005714
0.000000,1.000000,-1.000000
-0.011429
1.000000,1.000000,-1.000000
-0.005714
2.000000,1.000000,-1.000000
0.011429
-2.000000,2.000000,-1.000000
0.011429
-1.000000,2.000000,-1.000000
-0.005714
0.000000,2.000000,-1.000000
-0.011429
1.000000,2.000000,-1.000000
-0.005714
2.000000,2.000000,-1.000000
0.011429
-2.000000,-2.000000,0.000000
0.011429
-1.000000,-2.000000,0.000000
-0.005714
0.000000,-2.000000,0.000000
-0.011429
1.000000,-2.000000,0.000000
-0.005714
2.000000,-2.000000,0.000000
0.011429
-2.000000,-1.000000,0.000000
0.011429
-1.000000,-1.000000,0.000000
-0.005714
0.000000,-1.000000,0.000000
-0.011429
1.000000,-1.000000,0.000000
-0.005714
2.000000,-1.000000,0.000000
0.011429
-2.000000,0.000000,0.000000
0.011429
-1.000000,0.000000,0.000000
-0.005714
0.000000,0.000000,0.000000
-0.011429
1.000000,0.000000,0.000000
-0.005714
2.000000,0.000000,0.000000
0.011429
-2.000000,1.000000,0.000000
0.011429
-1.000000,1.000000,0.000000
-0.005714
0.000000,1.000000,0.000000
-0.011429
1.000000,1.000000,0.000000
-0.005714
2.000000,1.000000,0.000000
0.011429
-2.000000,2.000000,0.000000
0.011429
-1.000000,2.000000,0.000000
-0.005714
0.000000,2.000000,0.000000
-0.011429
1.000000,2.000000,0.000000
-0.005714
2.000000,2.000000,0.000000
0.011429
-2.000000,-2.000000,1.000000
0.011429
-1.000000,-2.000000,1.000000
-0.005714
0.000000,-2.000000,1.000000
-0.011429
1.000000,-2.000000,1.000000
-0.005714
2.000000,-2.000000,1.000000
0.011429
-2.000000,-1.000000,1.000000
0.011429
-1.000000,-1.000000,1.000000
-0.005714
0.000000,-1.000000,1.000000
-0.011429
1.000000,-1.000000,1.000000
-0.005714
2.000000,-1.000000,1.000000
0.011429
-2.000000,0.000000,1.000000
0.011429
-1.000000,0.000000,1.000000
-0.005714
0.000000,0.000000,1.000000
-0.011429
1.000000,0.000000,1.000000
-0.005714
2.000000,0.000000,1.000000
0.011429
-2.000000,1.000000,1.000000
0.011429
-1.000000,1.000000,1.000000
-0.005714
0.000000,1.000000,1.000000
-0.011429
1.000000,1.000000,1.000000
-0.005714
2.000000,1.000000,1.000000
0.011429
-2.000000,2.000000,1.000000
0.011429
-1.000000,2.000000,1.000000
-0.005714
0.000000,2.000000,1.000000
-0.011429
1.000000,2.000000,1.000000
-0.005714
2.000000,2.000000,1.000000
0.011429
-2.000000,-2.000000,2.000000
0.011429
-1.000000,-2.000000,2.000000
-0.005714
0.000000,-2.000000,2.000000
-0.011429
1.000000,-2.000000,2.000000
-0.005714
2.000000,-2.000000,2.000000
0.011429
-2.000000,-1.000000,2.000000
0.011429
-1.000000,-1.000000,2.000000
-0.005714
0.000000,-1.000000,2.000000
-0.011429
1.000000,-1.000000,2.000000
-0.005714
2.000000,-1.000000,2.000000
0.011429
-2.000000,0.000000,2.000000
0.011429
-1.000000,0.000000,2.000000
-0.005714
0.000000,0.000000,2.000000
-0.011429
1.000000,0.000000,2.000000
-0.005714
2.000000,0.000000,2.000000
0.011429
-2.000000,1.000000,2.000000
0.011429
-1.000000,1.000000,2.000000
-0.005714
0.000000,1.000000,2.000000
-0.011429
1.000000,1.000000,2.000000
-0.005714
2.000000,1.000000,2.000000
0.011429
-2.000000,2.000000,2.000000
0.011429
-1.000000,2.000000,2.000000
-0.005714
0.000000,2.000000,2.000000
-0.011429
1.000000,2.000000,2.000000
-0.005714
2.000000,2.000000,2.000000
0.011429
