-2,-2,-2
2,2,2
-2.000000,-2.000000,-2.000000
0.008000
-1.000000,-2.000000,-2.000000
0.008000
0.000000,-2.000000,-2.000000
0.008000
1.000000,-2.000000,-2.000000
0.008000
2.000000,-2.000000,-2.000000
0.008000
-2.000000,-1.000000,-2.000000
0.004000
-1.000000,-1.000000,-2.000000
0.004000
0.000000,-1.000000,-2.000000
0.004000
1.000000,-1.000000,-2.000000
0.004000
2.000000,-1.000000,-2.000000
0.004000
-2.000000,0.000000,-2.000000
-0.000000
-1.000000,0.000000,-2.000000
-0.000000
0.000000,0.000000,-2.000000
-0.000000
1.000000,0.000000,-2.000000
-0.000000
2.000000,0.000000,-2.000000
-0.000000
-2.000000,1.000000,-2.000000
-0.004000
-1.000000,1.000000,-2.000000
-0.004000
0.000000,1.000000,-2.000000
-0.004000
1.000000,1.000000,-2.000000
-0.004000
2.000000,1.000000,-2.000000
-0.004000
-2.000000,2.000000,-2.000000
-0.008000
-1.000000,2.000000,-2.000000
-0.008000
0.000000,2.000000,-2.000000
-0.008000
1.000000,2.000000,-2.000000
-0.008000
2.000000,2.000000,-2.000000
-0.008000
-2.000000,-2.000000,-1.000000
0.004000
-1.000000,-2.000000,-1.000000
0.004000
0.000000,-2.000000,-1.000000
0.004000
1.000000,-2.000000,-1.000000
0.004000
2.000000,-2.000000,-1.000000
0.004000
-2.000000,-1.000000,-1.000000
0.002000
-1.000000,-1.000000,-1.000000
0.002000
0.000000,-1.000000,-1.000000
0.002000
1.000000,-1.000000,-1.000000
0.002000
2.000000,-1.000000,-1.000000
0.002000
-2.000000,0.000000,-1.000000
-0.000000
-1.000000,0.000000,-1.000000
-0.000000
0.000000,0.000000,-1.000000
-0.000000
1.000000,0.000000,-1.000000
-0.000000
2.000000,0.000000,-1.000000
-0.000000
-2.000000,1.000000,-1.000000
-0.002000
-1.000000,1.000000,-1.000000
-0.002000
0.000000,1.000000,-1.000000
-0.002000
1.000000,1.000000,-1.000000
-0.002000
2.000000,1.000000,-1.000000
-0.002000
-2.000000,2.000000,-1.000000
-0.004000
-1.000000,2.000000,-1.000000
-0.004000
0.000000,2.000000,-1.000000
-0.004000
1.000000,2.000000,-1.000000
-0.004000
2.000000,2.000000,-1.000000
-0.004000
-2.000000,-2.000000,0.000000
-0.000000
-1.000000,-2.000000,0.000000
-0.000000
0.000000,-2.000000,0.000000
-0.000000
1.000000,-2.000000,0.000000
-0.000000
2.000000,-2.000000,0.000000
-0.000000
-2.000000,-1.000000,0.000000
-0.000000
-1.000000,-1.000000,0.000000
-0.000000
0.000000,-1.000000,0.000000
-0.000000
1.000000,-1.000000,0.000000
-0.000000
2.000000,-1.000000,0.000000
-0.000000
-2.000000,0.000000,0.000000
0.000000
-1.000000,0.000000,0.000000
0.000000
0.000000,0.000000,0.000000
0.000000
1.000000,0.000000,0.000000
0.000000
2.000000,0.000000,0.000000
0.000000
-2.000000,1.000000,0.000000
0.000000
-1.000000,1.000000,0.000000
0.000000
0.000000,1.000000,0.000000
0.000000
1.000000,1.000000,0.000000
0.000000
2.000000,1.000000,0.000000
0.000000
-2.000000,2.000000,0.000000
0.000000
-1.000000,2.000000,0.000000
0.000000
0.000000,2.000000,0.000000
0.000000
1.000000,2.000000,0.000000
0.000000
2.000000,2.000000,0.000000
0.000000
-2.000000,-2.000000,1.000000
-0.004000
-1.000000,-2.000000,1.000000
-0.004000
0.000000,-2.000000,1.000000
-0.004000
1.000000,-2.000000,1.000000
-0.004000
2.000000,-2.000000,1.000000
-0.004000
-2.000000,-1.000000,1.000000
-0.002000
-1.000000,-1.000000,1.000000
-0.002000
0.000000,-1.000000,1.000000
-0.002000
1.000000,-1.000000,1.000000
-0.002000
2.000000,-1.000000,1.000000
-0.002000
-2.000000,0.000000,1.000000
0.000000
-1.000000,0.000000,1.000000
0.000000
0.000000,0.000000,1.000000
0.000000
1.000000,0.000000,1.000000
0.000000
2.000000,0.000000,1.000000
0.000000
-2.000000,1.000000,1.000000
0.002000
-1.000000,1.000000,1.000000
0.002000
0.000000,1.000000,1.000000
0.002000
1.000000,1.000000,1.000000
0.002000
2.000000,1.000000,1.000000
0.002000
-2.000000,2.000000,1.000000
0.004000
-1.000000,2.000000,1.000000
0.004000
0.000000,2.000000,1.000000
0.004000
1.000000,2.000000,1.000000
0.004000
2.000000,2.000000,1.000000
0.004000
-2.000000,-2.000000,2.000000
-0.008000
-1.000000,-2.000000,2.000000
-0.008000
0.000000,-2.000000,2.000000
-0.008000
1.000000,-2.000000,2.000000
-0.008000
2.000000,-2.000000,2.000000
-0.008000
-2.000000,-1.000000,2.000000
-0.004000
-1.000000,-1.000000,2.000000
-0.004000
0.000000,-1.000000,2.000000
-0.004000
1.000000,-1.000000,2.000000
-0.004000
2.000000,-1.000000,2.000000
-0.004000
-2.000000,0.000000,2.000000
0.000000
-1.000000,0.000000,2.000000
0.000000
0.000000,0.000000,2.000000
0.000000
1.000000,0.000000,2.000000
0.000000
2.000000,0.000000,2.000000
0.000000
-2.000000,1.000000,2.000000
0.004000
-1.000000,1.000000,2.000000
0.004000
0.000000,1.000000,2.000000
0.004000
1.000000,1.000000,2.000000
0.004000
2.000000,1.000000,2.000000
0.004000
-2.000000,2.000000,2.000000
0.008000
-1.000000,2.000000,2.000000
0.008000
0.000000,2.000000,2.000000
0.008000
1.000000,2.000000,2.000000
0.008000
2.000000,2.000000,2.000000
0.008000
